'1',30704,255420,4,'',1,7000,4,'',1,3000,4,'',1,7000,4,'',1,3000,4,'',1,7000,4,'',1,3000,4,'',1
'2',30704,255620,4,'',1,6000,4,'',1,2000,4,'',1,2000,4,'',1,6000,4,'',1,2000,4,'',1,2000,4,'',1,6000,4,'',1,2000,4,'',1,2000,4,'',1
'3',30704,52420,4,'',1,3000,4,'',1,7000,4,'',1,1500,4,'',1,1500,4,'',1,5500,4,'',1,1200,4,'',1,1200,4,'',1,1200,4,'',1,1200,4,'',1,179700,4,'',1,7000,4,'',1,3000,4,'',1,7000,4,'',1,3000,4,'',1,7000,4,'',1,3000,4,'',1
'4',30704,255420,4,'',1,7000,4,'',1,3000,4,'',1,7000,4,'',1,3000,4,'',1,7000,4,'',1,3000,4,'',1
'6',30704,52420,4,'',1,3000,4,'',1,7000,4,'',1,1500,4,'',1,1500,4,'',1,5500,4,'',1,1200,4,'',1,1200,4,'',1,1200,4,'',1,1200,4,'',1,189700,4,'',1,7000,4,'',1,3000,4,'',1,7000,4,'',1,3000,4,'',1
'7',30704,52420,4,'',1,3000,4,'',1,7000,4,'',1,1500,4,'',1,1500,4,'',1,5500,4,'',1,1200,4,'',1,1200,4,'',1,1200,4,'',1,1200,4,'',1,179700,4,'',1,7000,4,'',1,3000,4,'',1,7000,4,'',1,3000,4,'',1,7000,4,'',1,3000,4,'',1
'1',36304,263630,0,'Exhibition',1,6400,0,'Exhibition',1,3000,0,'Exhibition',1,7000,0,'Exhibition',1,3000,0,'Exhibition',1,7000,0,'Exhibition',1
'2',36304,263630,0,'Exhibition',1,6400,0,'Exhibition',1,3000,0,'Exhibition',1,7000,0,'Exhibition',1,3000,0,'Exhibition',1,7000,0,'Exhibition',1
'3',36304,263630,0,'Exhibition',1,6400,0,'Exhibition',1,3000,0,'Exhibition',1,7000,0,'Exhibition',1,3000,0,'Exhibition',1,7000,0,'Exhibition',1
'4',36304,263630,0,'Exhibition',1,6400,0,'Exhibition',1,3000,0,'Exhibition',1,7000,0,'Exhibition',1,3000,0,'Exhibition',1,7000,0,'Exhibition',1
'6',36304,273030,0,'Exhibition',1,7000,0,'Exhibition',1,3000,0,'Exhibition',1,7000,0,'Exhibition',1
'7',36304,263630,0,'Exhibition',1,6400,0,'Exhibition',1,3000,0,'Exhibition',1,7000,0,'Exhibition',1,3000,0,'Exhibition',1,7000,0,'Exhibition',1
