'1',2001,51800,4,'',1,1200,4,'',1,1600,4,'',1,5600,4,'',1,1600,4,'',1,1600,4,'',1,1600,4,'',1,5600,4,'',1,1700,4,'',1,2000,4,'',1,1300,4,'',1,5300,4,'',1,1600,4,'',1,1600,4,'',1,1600,4,'',1,5600,4,'',1,1600,4,'',1,2000,4,'',1,6000,4,'',1,2000,4,'',1,2000,4,'',1,6000,4,'',1,2000,4,'',1,2000,4,'',1,6000,4,'',1,2000,4,'',1,2000,4,'',1,6000,4,'',1,2000,4,'',1,2000,4,'',1,6000,4,'',1,2000,4,'',1,2000,4,'',1,6000,4,'',1,2000,4,'',1,2100,4,'',1,5800,4,'',1,1500,4,'',1,1500,4,'',1,1500,4,'',1,5500,4,'',1,1500,4,'',1,1500,4,'',1,1500,4,'',1,5500,4,'',1,1500,4,'',1,1500,4,'',1,1500,4,'',1,5500,4,'',1,1310,4,'',1,1500,4,'',1,1300,4,'',1,5900,4,'',1,2300,4,'',1,2300,4,'',1,6300,4,'',1,2300,4,'',1,6300,4,'',1,2000,4,'',1,2200,4,'',1,1400,4,'',1,7000,4,'',1,3000,4,'',1,7000,4,'',1,3000,4,'',1,7000,4,'',1,2800,4,'',1
'2',2001,52800,4,'',1,2100,4,'',1,6200,4,'',1,2200,4,'',1,2200,4,'',1,6200,4,'',1,2200,4,'',1,6200,4,'',1,1700,4,'',1,1800,4,'',1,1800,4,'',1,5800,4,'',1,1800,4,'',1,1800,4,'',1,5800,4,'',1,1800,4,'',1,1800,4,'',1,5800,4,'',1,1800,4,'',1,1800,4,'',1,1800,4,'',1,5900,4,'',1,2200,4,'',1,2000,4,'',1,6000,4,'',1,2000,4,'',1,2000,4,'',1,6000,4,'',1,2000,4,'',1,2000,4,'',1,6000,4,'',1,2000,4,'',1,2000,4,'',1,6000,4,'',1,2000,4,'',1,2000,4,'',1,6000,4,'',1,2000,4,'',1,2000,4,'',1,6000,4,'',1,2000,4,'',1,2000,4,'',1,5810,4,'',1,1700,4,'',1,1800,4,'',1,5900,4,'',1,2500,4,'',1,2500,4,'',1,6500,4,'',1,2500,4,'',1,6500,4,'',1,2000,4,'',1,7000,4,'',1,3000,4,'',1,7000,4,'',1,3000,4,'',1,7000,4,'',1,3000,4,'',1
'3',2001,75700,4,'',1,5900,4,'',1,2500,4,'',1,6500,4,'',1,2500,4,'',1,2500,4,'',1,6500,4,'',1,2500,4,'',1,6500,4,'',1,2500,4,'',1,6500,4,'',1,2500,4,'',1,2300,4,'',1,6000,4,'',1,1700,4,'',1,2000,4,'',1,6000,4,'',1,2000,4,'',1,2000,4,'',1,6000,4,'',1,2000,4,'',1,2000,4,'',1,6000,4,'',1,2000,4,'',1,2000,4,'',1,6000,4,'',1,2000,4,'',1,2000,4,'',1,6000,4,'',1,2000,4,'',1,2000,4,'',1,5810,4,'',1,1900,4,'',1,2500,4,'',1,7000,4,'',1,3000,4,'',1,7000,4,'',1,3000,4,'',1,7000,4,'',1,2000,4,'',1,6400,4,'',1,3000,4,'',1,7000,4,'',1,3000,4,'',1,7000,4,'',1,3000,4,'',1
'4',2001,53300,4,'',1,1300,4,'',1,6500,4,'',1,2500,4,'',1,6500,4,'',1,2500,4,'',1,2500,4,'',1,6500,4,'',1,2500,4,'',1,6500,4,'',1,2500,4,'',1,2500,4,'',1,6500,4,'',1,2500,4,'',1,6500,4,'',1,2500,4,'',1,6500,4,'',1,2500,4,'',1,2300,4,'',1,6000,4,'',1,1700,4,'',1,2000,4,'',1,6000,4,'',1,2000,4,'',1,2000,4,'',1,6000,4,'',1,2000,4,'',1,2000,4,'',1,6000,4,'',1,2000,4,'',1,2000,4,'',1,6000,4,'',1,2000,4,'',1,2000,4,'',1,6000,4,'',1,2000,4,'',1,2000,4,'',1,5810,4,'',1,1900,4,'',1,2500,4,'',1,7000,4,'',1,3000,4,'',1,7000,4,'',1,3000,4,'',1,7000,4,'',1,2000,4,'',1,6400,4,'',1,3000,4,'',1,7000,4,'',1,3000,4,'',1,7000,4,'',1,3000,4,'',1
'1',2104,52440,4,'',1,3000,4,'',1,7000,4,'',1,1500,4,'',1,1500,4,'',1,5500,4,'',1,1500,4,'',1,1500,4,'',1,1500,4,'',1,5500,4,'',1,1500,4,'',1,1500,4,'',1,1500,4,'',1,5500,4,'',1,1500,4,'',1,1500,4,'',1,1500,4,'',1,5500,4,'',1,2000,4,'',1,2000,4,'',1,6000,4,'',1,2000,4,'',1,2000,4,'',1,6000,4,'',1,2000,4,'',1,2000,4,'',1,6000,4,'',1,2000,4,'',1,2000,4,'',1,6000,4,'',1,2000,4,'',1,2000,4,'',1,6000,4,'',1,2000,4,'',1,2000,4,'',1,6000,4,'',1,1990,4,'',1,1900,4,'',1,5700,4,'',1,1500,4,'',1,1500,4,'',1,1500,4,'',1,5500,4,'',1,1500,4,'',1,1500,4,'',1,1500,4,'',1,5500,4,'',1,1500,4,'',1,1500,4,'',1,1200,4,'',1,5310,4,'',1,2000,4,'',1,2000,4,'',1,6000,4,'',1,2000,4,'',1,2000,4,'',1,6000,4,'',1,2000,4,'',1,1800,4,'',1,2000,4,'',1,6000,4,'',1,2200,4,'',1,6200,4,'',1,2200,4,'',1,2200,4,'',1,6200,4,'',1,2200,4,'',1,2000,4,'',1
'2',2104,65050,4,'',1,7000,4,'',1,3000,4,'',1,7000,4,'',1,3000,4,'',1,7000,4,'',1,3000,4,'',1,6200,4,'',1,2200,4,'',1,2200,4,'',1,6200,4,'',1,2200,4,'',1,6200,4,'',1,2200,4,'',1,2200,4,'',1,6200,4,'',1,1800,4,'',1,1800,4,'',1,5800,4,'',1,1800,4,'',1,1800,4,'',1,1800,4,'',1,5800,4,'',1,1800,4,'',1,1800,4,'',1,5800,4,'',1,1800,4,'',1,1800,4,'',1,5800,4,'',1,1800,4,'',1,1800,4,'',1,1800,4,'',1,5800,4,'',1,1800,4,'',1,1800,4,'',1,5800,4,'',1,1800,4,'',1,1800,4,'',1,5800,4,'',1,1800,4,'',1,2200,4,'',1,6200,4,'',1,2200,4,'',1,2200,4,'',1,6200,4,'',1,2200,4,'',1,2200,4,'',1,6200,4,'',1,2200,4,'',1,6200,4,'',1,2200,4,'',1,2200,4,'',1,6200,4,'',1,2200,4,'',1,2200,4,'',1
'3',2104,75050,4,'',1,7000,4,'',1,3000,4,'',1,7000,4,'',1,3000,4,'',1,7000,4,'',1,3000,4,'',1,7000,4,'',1,3000,4,'',1,7000,4,'',1,3000,4,'',1,7000,4,'',1,2200,4,'',1,6200,4,'',1,2200,4,'',1,2200,4,'',1,6200,4,'',1,2200,4,'',1,2200,4,'',1,6200,4,'',1,2200,4,'',1,6200,4,'',1,2200,4,'',1,2200,4,'',1,6200,4,'',1,2200,4,'',1,2200,4,'',1,6200,4,'',1,2200,4,'',1,2200,4,'',1,6200,4,'',1,2200,4,'',1,6200,4,'',1,2200,4,'',1,2200,4,'',1,6200,4,'',1,2200,4,'',1,2200,4,'',1,6200,4,'',1,2200,4,'',1,2200,4,'',1,6200,4,'',1,2200,4,'',1,6200,4,'',1,2200,4,'',1,2400,4,'',1
'4',2104,75050,4,'',1,7000,4,'',1,3000,4,'',1,7000,4,'',1,3000,4,'',1,7000,4,'',1,3000,4,'',1,7000,4,'',1,3000,4,'',1,7000,4,'',1,3000,4,'',1,7000,4,'',1,2200,4,'',1,6200,4,'',1,2200,4,'',1,2200,4,'',1,6200,4,'',1,2200,4,'',1,2200,4,'',1,6200,4,'',1,2200,4,'',1,6200,4,'',1,2200,4,'',1,2200,4,'',1,6200,4,'',1,2200,4,'',1,2200,4,'',1,6200,4,'',1,2200,4,'',1,2200,4,'',1,6200,4,'',1,2200,4,'',1,6200,4,'',1,2200,4,'',1,2200,4,'',1,6200,4,'',1,2200,4,'',1,2200,4,'',1,6200,4,'',1,2200,4,'',1,2200,4,'',1,6200,4,'',1,2200,4,'',1,6200,4,'',1,2200,4,'',1,2400,4,'',1
'1',3401,263510,4,'',1
'2',3401,263110,4,'',1,1500,4,'',1
'3',3401,262210,4,'',1
'4',3401,262210,4,'',1
'1',3802,54000,4,'',1,6400,4,'',1,2300,4,'',1,1800,4,'',1,5500,4,'',1,800,4,'',1,700,4,'',1,800,4,'',1,700,4,'',1,900,4,'',1,700,4,'',1,900,4,'',1,4700,4,'',1,800,4,'',1,700,4,'',1,800,4,'',1,700,4,'',1,800,4,'',1,700,4,'',1,900,4,'',1,4800,4,'',1,900,4,'',1,800,4,'',1,800,4,'',1,700,4,'',1,800,4,'',1,700,4,'',1,800,4,'',1,4600,4,'',1,800,4,'',1,500,4,'',1,700,4,'',1,600,4,'',1,800,4,'',1,700,4,'',1,800,4,'',1,4700,4,'',1,800,4,'',1,700,4,'',1,800,4,'',1,700,4,'',1,800,4,'',1,700,4,'',1,800,4,'',1,4700,4,'',1,800,4,'',1,700,4,'',1,800,4,'',1,700,4,'',1,800,4,'',1,700,4,'',1,800,4,'',1,4700,4,'',1,800,4,'',1,700,4,'',1,800,4,'',1,700,4,'',1,800,4,'',1,700,4,'',1,800,4,'',1,4700,4,'',1,800,4,'',1,700,4,'',1,800,4,'',1,700,4,'',1,800,4,'',1,700,4,'',1,800,4,'',1,4700,4,'',1,1620,4,'',1,1580,4,'',1,1600,4,'',1,5500,4,'',1,1500,4,'',1,1500,4,'',1,1500,4,'',1,5500,4,'',1,1500,4,'',1,1500,4,'',1,1500,4,'',1,5500,4,'',1,1500,4,'',1,1500,4,'',1,1500,4,'',1,5420,4,'',1,1300,4,'',1,1500,4,'',1,1400,4,'',1,1000,4,'',1,5300,4,'',1,1200,4,'',1,1300,4,'',1,1200,4,'',1,1300,4,'',1,5200,4,'',1,1300,4,'',1,1200,4,'',1,1300,4,'',1,1100,4,'',1,5200,4,'',1,1000,4,'',1,1000,4,'',1,1000,4,'',1,5900,4,'',1,2000,4,'',1,2000,4,'',1,6000,4,'',1,2000,4,'',1,2000,4,'',1,6000,4,'',1,2000,4,'',1,2000,4,'',1,6200,4,'',1
'2',3802,61820,4,'',1,2100,4,'',1,6100,4,'',1,1800,4,'',1,1800,4,'',1,1800,4,'',1,5400,4,'',1,1400,4,'',1,1400,4,'',1,1400,4,'',1,5400,4,'',1,1400,4,'',1,1400,4,'',1,1400,4,'',1,5400,4,'',1,1400,4,'',1,1400,4,'',1,1400,4,'',1,1400,4,'',1,5400,4,'',1,1400,4,'',1,1400,4,'',1,1480,4,'',1,5400,4,'',1,1500,4,'',1,1400,4,'',1,1400,4,'',1,5200,4,'',1,1200,4,'',1,1200,4,'',1,1200,4,'',1,1200,4,'',1,5200,4,'',1,1200,4,'',1,1200,4,'',1,1200,4,'',1,1200,4,'',1,5200,4,'',1,1200,4,'',1,1200,4,'',1,1200,4,'',1,1200,4,'',1,5200,4,'',1,1200,4,'',1,1200,4,'',1,1200,4,'',1,1200,4,'',1,5200,4,'',1,1200,4,'',1,1200,4,'',1,1200,4,'',1,1200,4,'',1,5200,4,'',1,1200,4,'',1,1200,4,'',1,1200,4,'',1,1200,4,'',1,5120,4,'',1,1500,4,'',1,1400,4,'',1,1200,4,'',1,1200,4,'',1,5200,4,'',1,1200,4,'',1,1200,4,'',1,1200,4,'',1,1200,4,'',1,5200,4,'',1,1200,4,'',1,1200,4,'',1,1200,4,'',1,1200,4,'',1,5000,4,'',1,1100,4,'',1,1000,4,'',1,1700,4,'',1,1400,4,'',1,5600,4,'',1,1600,4,'',1,1600,4,'',1,5600,4,'',1,1600,4,'',1,1600,4,'',1,1600,4,'',1,5600,4,'',1,1600,4,'',1,1600,4,'',1,1600,4,'',1
'3',3802,81300,4,'',1,2000,4,'',1,1500,4,'',1,5500,4,'',1,1500,4,'',1,1500,4,'',1,1500,4,'',1,5500,4,'',1,1500,4,'',1,1500,4,'',1,1500,4,'',1,5500,4,'',1,1500,4,'',1,1500,4,'',1,1500,4,'',1,5420,4,'',1,1500,4,'',1,1500,4,'',1,1500,4,'',1,5400,4,'',1,1200,4,'',1,1200,4,'',1,1200,4,'',1,1200,4,'',1,5200,4,'',1,1200,4,'',1,1200,4,'',1,1200,4,'',1,1200,4,'',1,5200,4,'',1,1200,4,'',1,1200,4,'',1,1200,4,'',1,1200,4,'',1,5200,4,'',1,1200,4,'',1,1200,4,'',1,1200,4,'',1,1200,4,'',1,5200,4,'',1,1200,4,'',1,1200,4,'',1,1200,4,'',1,1200,4,'',1,5200,4,'',1,1200,4,'',1,1200,4,'',1,1200,4,'',1,1200,4,'',1,5200,4,'',1,1200,4,'',1,1100,4,'',1,1200,4,'',1,1200,4,'',1,5200,4,'',1,1300,4,'',1,1400,4,'',1,1400,4,'',1,1400,4,'',1,5400,4,'',1,1400,4,'',1,1400,4,'',1,1400,4,'',1,5400,4,'',1,1100,4,'',1,1200,4,'',1,1400,4,'',1,1100,4,'',1,5000,4,'',1,1400,4,'',1,1400,4,'',1,1400,4,'',1,1400,4,'',1,5400,4,'',1,1400,4,'',1,1500,4,'',1,1500,4,'',1,5500,4,'',1,1500,4,'',1,1500,4,'',1
'4',3802,63220,4,'',1,1500,4,'',1,5500,4,'',1,1500,4,'',1,1500,4,'',1,1500,4,'',1,5580,4,'',1,1500,4,'',1,1500,4,'',1,1500,4,'',1,5500,4,'',1,1500,4,'',1,1500,4,'',1,1500,4,'',1,5500,4,'',1,1500,4,'',1,1500,4,'',1,1500,4,'',1,5500,4,'',1,1500,4,'',1,1500,4,'',1,1500,4,'',1,5420,4,'',1,1500,4,'',1,1500,4,'',1,1500,4,'',1,5400,4,'',1,1200,4,'',1,1200,4,'',1,1200,4,'',1,1200,4,'',1,5200,4,'',1,1200,4,'',1,1200,4,'',1,1200,4,'',1,1200,4,'',1,5200,4,'',1,1200,4,'',1,1200,4,'',1,1200,4,'',1,1200,4,'',1,5200,4,'',1,1200,4,'',1,1200,4,'',1,1200,4,'',1,1200,4,'',1,5200,4,'',1,1200,4,'',1,1200,4,'',1,1200,4,'',1,1200,4,'',1,5200,4,'',1,1200,4,'',1,1200,4,'',1,1200,4,'',1,1200,4,'',1,5200,4,'',1,1200,4,'',1,1100,4,'',1,1200,4,'',1,1200,4,'',1,5200,4,'',1,1300,4,'',1,1400,4,'',1,1400,4,'',1,1400,4,'',1,5400,4,'',1,1400,4,'',1,1400,4,'',1,1400,4,'',1,5400,4,'',1,1100,4,'',1,1200,4,'',1,1400,4,'',1,1100,4,'',1,5000,4,'',1,1400,4,'',1,1400,4,'',1,1400,4,'',1,1400,4,'',1,5400,4,'',1,1400,4,'',1,1500,4,'',1,1500,4,'',1,5500,4,'',1,1500,4,'',1,1500,4,'',1
'1',4304,54550,4,'',1,900,4,'',1,100,4,'',1,4800,4,'',1,200,4,'',1,1000,4,'',1,300,4,'',1,400,4,'',1,300,4,'',1,800,4,'',1,200,4,'',1,800,4,'',1,200,4,'',1,100,4,'',1,900,4,'',1,4800,4,'',1,200,4,'',1,1000,4,'',1,300,4,'',1,500,4,'',1,200,4,'',1,800,4,'',1,200,4,'',1,800,4,'',1,200,4,'',1,300,4,'',1,700,4,'',1,4800,4,'',1,200,4,'',1,1000,4,'',1,300,4,'',1,500,4,'',1,200,4,'',1,800,4,'',1,200,4,'',1,700,4,'',1,300,4,'',1,300,4,'',1,700,4,'',1,4800,4,'',1,200,4,'',1,1000,4,'',1,300,4,'',1,700,4,'',1,800,4,'',1,200,4,'',1,900,4,'',1,900,4,'',1,100,4,'',1,5000,4,'',1,900,4,'',1,100,4,'',1,1000,4,'',1,900,4,'',1,100,4,'',1,1000,4,'',1,900,4,'',1,100,4,'',1,5000,4,'',1,900,4,'',1,100,4,'',1,1000,4,'',1,900,4,'',1,100,4,'',1,1000,4,'',1,900,4,'',1,100,4,'',1,5000,4,'',1,900,4,'',1,100,4,'',1,1000,4,'',1,900,4,'',1,100,4,'',1,1000,4,'',1,900,4,'',1,100,4,'',1,5000,4,'',1,900,4,'',1,100,4,'',1,1000,4,'',1,900,4,'',1,100,4,'',1,1000,4,'',1,900,4,'',1,100,4,'',1,5000,4,'',1,900,4,'',1,100,4,'',1,1000,4,'',1,900,4,'',1,100,4,'',1,1000,4,'',1,900,4,'',1,100,4,'',1,5000,4,'',1,900,4,'',1,200,4,'',1,1100,4,'',1,800,4,'',1,200,4,'',1,100,4,'',1,900,4,'',1,300,4,'',1,700,4,'',1,300,4,'',1,4500,4,'',1,200,4,'',1,1000,4,'',1,500,4,'',1,500,4,'',1,600,4,'',1,400,4,'',1,700,4,'',1,300,4,'',1,100,4,'',1,900,4,'',1,4600,4,'',1,300,4,'',1,100,4,'',1,1000,4,'',1,100,4,'',1,900,4,'',1,100,4,'',1,500,4,'',1,400,4,'',1,1000,4,'',1,100,4,'',1,100,4,'',1,800,4,'',1,4600,4,'',1,400,4,'',1,500,4,'',1,500,4,'',1,100,4,'',1,900,4,'',1,600,4,'',1,100,4,'',1,100,4,'',1,900,4,'',1,400,4,'',1,450,4,'',1,100,4,'',1,4900,4,'',1,300,4,'',1,700,4,'',1,1000,4,'',1,600,4,'',1,400,4,'',1,1000,4,'',1,600,4,'',1,400,4,'',1,5000,4,'',1,600,4,'',1,400,4,'',1,1000,4,'',1,600,4,'',1,400,4,'',1,1000,4,'',1,600,4,'',1,400,4,'',1,5000,4,'',1,600,4,'',1,400,4,'',1,1000,4,'',1,600,4,'',1,300,4,'',1,900,4,'',1,700,4,'',1,200,4,'',1,1000,4,'',1,4700,4,'',1,300,4,'',1,1000,4,'',1,1000,4,'',1,1000,4,'',1,1000,4,'',1,1000,4,'',1,5000,4,'',1,1000,4,'',1,1000,4,'',1,1000,4,'',1,1000,4,'',1,1000,4,'',1,5000,4,'',1,1000,4,'',1,1000,4,'',1,1000,4,'',1,1000,4,'',1,1000,4,'',1,4900,4,'',1,900,4,'',1,910,4,'',1,1000,4,'',1,1000,4,'',1,1000,4,'',1,5000,4,'',1,1000,4,'',1
'2',4304,54150,4,'',1,1000,4,'',1,5000,4,'',1,1000,4,'',1,800,4,'',1,200,4,'',1,1000,4,'',1,300,4,'',1,700,4,'',1,800,4,'',1,200,4,'',1,5000,4,'',1,300,4,'',1,700,4,'',1,800,4,'',1,200,4,'',1,1000,4,'',1,300,4,'',1,700,4,'',1,800,4,'',1,200,4,'',1,5000,4,'',1,300,4,'',1,690,4,'',1,1000,4,'',1,1000,4,'',1,600,4,'',1,400,4,'',1,1000,4,'',1,200,4,'',1,4800,4,'',1,700,4,'',1,300,4,'',1,1000,4,'',1,500,4,'',1,500,4,'',1,1000,4,'',1,500,4,'',1,500,4,'',1,5000,4,'',1,500,4,'',1,500,4,'',1,1000,4,'',1,500,4,'',1,500,4,'',1,1000,4,'',1,500,4,'',1,500,4,'',1,5000,4,'',1,500,4,'',1,500,4,'',1,1000,4,'',1,500,4,'',1,500,4,'',1,1000,4,'',1,500,4,'',1,500,4,'',1,5000,4,'',1,500,4,'',1,500,4,'',1,1000,4,'',1,500,4,'',1,500,4,'',1,1000,4,'',1,500,4,'',1,500,4,'',1,5000,4,'',1,500,4,'',1,500,4,'',1,1000,4,'',1,500,4,'',1,500,4,'',1,1000,4,'',1,500,4,'',1,500,4,'',1,5000,4,'',1,500,4,'',1,500,4,'',1,1000,4,'',1,500,4,'',1,500,4,'',1,1000,4,'',1,500,4,'',1,500,4,'',1,5000,4,'',1,500,4,'',1,500,4,'',1,1000,4,'',1,500,4,'',1,500,4,'',1,1000,4,'',1,500,4,'',1,500,4,'',1,5000,4,'',1,500,4,'',1,500,4,'',1,1000,4,'',1,500,4,'',1,500,4,'',1,1000,4,'',1,500,4,'',1,500,4,'',1,5000,4,'',1,500,4,'',1,500,4,'',1,1000,4,'',1,500,4,'',1,500,4,'',1,1000,4,'',1,500,4,'',1,500,4,'',1,5000,4,'',1,500,4,'',1,500,4,'',1,1000,4,'',1,500,4,'',1,500,4,'',1,1000,4,'',1,500,4,'',1,500,4,'',1,5210,4,'',1,100,4,'',1,1150,4,'',1,400,4,'',1,800,4,'',1,700,4,'',1,500,4,'',1,1200,4,'',1,200,4,'',1,5000,4,'',1,500,4,'',1,700,4,'',1,800,4,'',1,400,4,'',1,1100,4,'',1,100,4,'',1,1200,4,'',1,200,4,'',1,5000,4,'',1,410,4,'',1,800,4,'',1,700,4,'',1,500,4,'',1,1000,4,'',1,200,4,'',1,1200,4,'',1,100,4,'',1,4900,4,'',1,500,4,'',1,500,4,'',1,1000,4,'',1,1000,4,'',1,500,4,'',1,500,4,'',1,1000,4,'',1,5000,4,'',1,1000,4,'',1,1000,4,'',1,1000,4,'',1,1000,4,'',1,1000,4,'',1,5000,4,'',1,1000,4,'',1,1000,4,'',1,1000,4,'',1,1000,4,'',1,1000,4,'',1,5000,4,'',1,1000,4,'',1,1000,4,'',1,1000,4,'',1,1000,4,'',1,1000,4,'',1,5000,4,'',1,1000,4,'',1,1000,4,'',1
'3',4304,53800,4,'',1,1000,4,'',1,1000,4,'',1,5000,4,'',1,1000,4,'',1,1000,4,'',1,1000,4,'',1,1000,4,'',1,1000,4,'',1,5000,4,'',1,1000,4,'',1,1000,4,'',1,1000,4,'',1,1000,4,'',1,1000,4,'',1,5000,4,'',1,1000,4,'',1,1000,4,'',1,1050,4,'',1,1100,4,'',1,5100,4,'',1,1000,4,'',1,300,4,'',1,700,4,'',1,800,4,'',1,200,4,'',1,1000,4,'',1,300,4,'',1,700,4,'',1,800,4,'',1,4200,4,'',1,1000,4,'',1,300,4,'',1,700,4,'',1,800,4,'',1,200,4,'',1,1000,4,'',1,300,4,'',1,700,4,'',1,800,4,'',1,4200,4,'',1,1000,4,'',1,300,4,'',1,700,4,'',1,800,4,'',1,200,4,'',1,1090,4,'',1,300,4,'',1,800,4,'',1,4900,4,'',1,200,4,'',1,1000,4,'',1,500,4,'',1,500,4,'',1,1000,4,'',1,200,4,'',1,800,4,'',1,800,4,'',1,200,4,'',1,5000,4,'',1,600,4,'',1,400,4,'',1,1000,4,'',1,400,4,'',1,600,4,'',1,1000,4,'',1,200,4,'',1,800,4,'',1,5000,4,'',1,1000,4,'',1,800,4,'',1,200,4,'',1,1000,4,'',1,600,4,'',1,400,4,'',1,1000,4,'',1,400,4,'',1,4600,4,'',1,1000,4,'',1,200,4,'',1,800,4,'',1,1000,4,'',1,1000,4,'',1,800,4,'',1,200,4,'',1,5000,4,'',1,600,4,'',1,400,4,'',1,1000,4,'',1,400,4,'',1,600,4,'',1,1000,4,'',1,200,4,'',1,800,4,'',1,5000,4,'',1,1000,4,'',1,800,4,'',1,200,4,'',1,1000,4,'',1,600,4,'',1,400,4,'',1,1000,4,'',1,400,4,'',1,4600,4,'',1,1000,4,'',1,200,4,'',1,700,4,'',1,900,4,'',1,900,4,'',1,610,4,'',1,300,4,'',1,950,4,'',1,4300,4,'',1,700,4,'',1,900,4,'',1,100,4,'',1,1000,4,'',1,400,4,'',1,600,4,'',1,900,4,'',1,100,4,'',1,1000,4,'',1,4400,4,'',1,600,4,'',1,900,4,'',1,100,4,'',1,1000,4,'',1,400,4,'',1,600,4,'',1,900,4,'',1,100,4,'',1,1000,4,'',1,4400,4,'',1,600,4,'',1,900,4,'',1,100,4,'',1,1000,4,'',1,400,4,'',1,500,4,'',1,900,4,'',1,100,4,'',1,810,4,'',1,4600,4,'',1,400,4,'',1,1000,4,'',1,100,4,'',1,900,4,'',1,600,4,'',1,400,4,'',1,1000,4,'',1,100,4,'',1,900,4,'',1,5000,4,'',1,1000,4,'',1,1000,4,'',1,1000,4,'',1,1000,4,'',1,1000,4,'',1,5000,4,'',1,1000,4,'',1,1000,4,'',1,1000,4,'',1,1000,4,'',1,1000,4,'',1,5000,4,'',1,1000,4,'',1,1000,4,'',1,1000,4,'',1,1000,4,'',1,1000,4,'',1,5000,4,'',1,1000,4,'',1
'4',4304,53800,4,'',1,1000,4,'',1,1000,4,'',1,5000,4,'',1,1000,4,'',1,1000,4,'',1,1000,4,'',1,1000,4,'',1,1000,4,'',1,5000,4,'',1,1000,4,'',1,1000,4,'',1,1000,4,'',1,1000,4,'',1,1000,4,'',1,5000,4,'',1,1000,4,'',1,1000,4,'',1,1050,4,'',1,1100,4,'',1,5100,4,'',1,1000,4,'',1,300,4,'',1,700,4,'',1,800,4,'',1,200,4,'',1,1000,4,'',1,300,4,'',1,700,4,'',1,800,4,'',1,4200,4,'',1,1000,4,'',1,300,4,'',1,700,4,'',1,800,4,'',1,200,4,'',1,1000,4,'',1,300,4,'',1,700,4,'',1,800,4,'',1,4200,4,'',1,1000,4,'',1,300,4,'',1,700,4,'',1,800,4,'',1,200,4,'',1,1090,4,'',1,300,4,'',1,800,4,'',1,4900,4,'',1,200,4,'',1,1000,4,'',1,500,4,'',1,500,4,'',1,1000,4,'',1,200,4,'',1,800,4,'',1,800,4,'',1,200,4,'',1,5000,4,'',1,600,4,'',1,400,4,'',1,1000,4,'',1,400,4,'',1,600,4,'',1,1000,4,'',1,200,4,'',1,800,4,'',1,5000,4,'',1,1000,4,'',1,800,4,'',1,200,4,'',1,1000,4,'',1,600,4,'',1,400,4,'',1,1000,4,'',1,400,4,'',1,4600,4,'',1,1000,4,'',1,200,4,'',1,800,4,'',1,1000,4,'',1,1000,4,'',1,800,4,'',1,200,4,'',1,5000,4,'',1,600,4,'',1,400,4,'',1,1000,4,'',1,400,4,'',1,600,4,'',1,1000,4,'',1,200,4,'',1,800,4,'',1,5000,4,'',1,1000,4,'',1,800,4,'',1,200,4,'',1,1000,4,'',1,600,4,'',1,400,4,'',1,1000,4,'',1,400,4,'',1,4600,4,'',1,1000,4,'',1,100,4,'',1,800,4,'',1,900,4,'',1,900,4,'',1,410,4,'',1,500,4,'',1,950,4,'',1,4300,4,'',1,700,4,'',1,900,4,'',1,100,4,'',1,1000,4,'',1,400,4,'',1,600,4,'',1,900,4,'',1,100,4,'',1,1000,4,'',1,4400,4,'',1,600,4,'',1,900,4,'',1,100,4,'',1,1000,4,'',1,400,4,'',1,600,4,'',1,900,4,'',1,100,4,'',1,1000,4,'',1,4400,4,'',1,600,4,'',1,900,4,'',1,100,4,'',1,1000,4,'',1,400,4,'',1,500,4,'',1,900,4,'',1,100,4,'',1,810,4,'',1,4600,4,'',1,400,4,'',1,1000,4,'',1,100,4,'',1,900,4,'',1,600,4,'',1,400,4,'',1,1000,4,'',1,100,4,'',1,900,4,'',1,5000,4,'',1,1000,4,'',1,1000,4,'',1,1000,4,'',1,1000,4,'',1,1000,4,'',1,5000,4,'',1,1000,4,'',1,1000,4,'',1,1000,4,'',1,1000,4,'',1,1000,4,'',1,5000,4,'',1,1000,4,'',1,1000,4,'',1,1000,4,'',1,1000,4,'',1,1000,4,'',1,5000,4,'',1,1000,4,'',1
'401',4304,154250,4,'',1
'1',5704,51820,4,'',1,1300,4,'',1,1300,4,'',1,1300,4,'',1,5300,4,'',1,1300,4,'',1,1300,4,'',1,1300,4,'',1,5300,4,'',1,1300,4,'',1,1300,4,'',1,1300,4,'',1,600,4,'',1,1200,4,'',1,5200,4,'',1,1200,4,'',1,1200,4,'',1,1200,4,'',1,1200,4,'',1,5200,4,'',1,1200,4,'',1,1200,4,'',1,1800,4,'',1,5700,4,'',1,1800,4,'',1,1800,4,'',1,5800,4,'',1,1800,4,'',1,1800,4,'',1,1800,4,'',1,5800,4,'',1,1800,4,'',1,1800,4,'',1,5800,4,'',1,1800,4,'',1,1800,4,'',1,5800,4,'',1,1800,4,'',1,1800,4,'',1,900,4,'',1,900,4,'',1,5400,4,'',1,1680,4,'',1,1400,4,'',1,1400,4,'',1,5400,4,'',1,1400,4,'',1,1400,4,'',1,1400,4,'',1,5400,4,'',1,1400,4,'',1,1400,4,'',1,1400,4,'',1,5400,4,'',1,1400,4,'',1,1400,4,'',1,1400,4,'',1,1420,4,'',1,6000,4,'',1,2000,4,'',1,2000,4,'',1,6000,4,'',1,2000,4,'',1,2000,4,'',1,6000,4,'',1,2000,4,'',1,2000,4,'',1,6000,4,'',1,1800,4,'',1,6300,4,'',1,2500,4,'',1,2500,4,'',1,6500,4,'',1,2500,4,'',1,6500,4,'',1,2500,4,'',1
'2',5704,61620,4,'',1,2300,4,'',1,6500,4,'',1,2500,4,'',1,2500,4,'',1,6500,4,'',1,2400,4,'',1,6500,4,'',1,1700,4,'',1,2200,4,'',1,6200,4,'',1,2200,4,'',1,2200,4,'',1,6200,4,'',1,2200,4,'',1,2000,4,'',1,6200,4,'',1,1800,4,'',1,1800,4,'',1,5800,4,'',1,1800,4,'',1,1800,4,'',1,5800,4,'',1,1800,4,'',1,1800,4,'',1,5800,4,'',1,1800,4,'',1,1800,4,'',1,1800,4,'',1,5800,4,'',1,1800,4,'',1,1800,4,'',1,5800,4,'',1,1800,4,'',1,1800,4,'',1,5800,4,'',1,1800,4,'',1,1800,4,'',1,1800,4,'',1,5800,4,'',1,1800,4,'',1,1800,4,'',1,5800,4,'',1,1600,4,'',1,1600,4,'',1,1800,4,'',1,6000,4,'',1,2000,4,'',1,2000,4,'',1,5800,4,'',1,2000,4,'',1,2400,4,'',1,6400,4,'',1,2400,4,'',1,6400,4,'',1,2400,4,'',1,2400,4,'',1,6400,4,'',1
'3',5704,75220,4,'',1,6000,4,'',1,2000,4,'',1,2000,4,'',1,6000,4,'',1,2000,4,'',1,2000,4,'',1,6000,4,'',1,2000,4,'',1,2000,4,'',1,6000,4,'',1,2000,4,'',1,2000,4,'',1,5800,4,'',1,2400,4,'',1,2200,4,'',1,6200,4,'',1,2200,4,'',1,6200,4,'',1,2200,4,'',1,2200,4,'',1,6200,4,'',1,2200,4,'',1,2200,4,'',1,6200,4,'',1,2200,4,'',1,2200,4,'',1,6200,4,'',1,2200,4,'',1,6200,4,'',1,2200,4,'',1,2200,4,'',1,5700,4,'',1,2300,4,'',1,2500,4,'',1,6500,4,'',1,2500,4,'',1,6500,4,'',1,2500,4,'',1,2500,4,'',1,6000,4,'',1,2500,4,'',1,6500,4,'',1,2500,4,'',1,2500,4,'',1,6500,4,'',1,2500,4,'',1,6500,4,'',1,3000,4,'',1
'4',5704,61620,4,'',1,1600,4,'',1,2000,4,'',1,6000,4,'',1,2000,4,'',1,2000,4,'',1,6000,4,'',1,2000,4,'',1,2000,4,'',1,6000,4,'',1,2000,4,'',1,2000,4,'',1,6000,4,'',1,2000,4,'',1,2000,4,'',1,6000,4,'',1,2000,4,'',1,2000,4,'',1,5800,4,'',1,2400,4,'',1,2200,4,'',1,6200,4,'',1,2200,4,'',1,6200,4,'',1,2200,4,'',1,2200,4,'',1,6200,4,'',1,2200,4,'',1,2200,4,'',1,6200,4,'',1,2200,4,'',1,2200,4,'',1,6200,4,'',1,2200,4,'',1,6200,4,'',1,2200,4,'',1,2200,4,'',1,5500,4,'',1,2500,4,'',1,2500,4,'',1,6500,4,'',1,2500,4,'',1,6500,4,'',1,2500,4,'',1,2500,4,'',1,6000,4,'',1,2500,4,'',1,6500,4,'',1,2500,4,'',1,2500,4,'',1,6500,4,'',1,2500,4,'',1,6500,4,'',1,3000,4,'',1
'1',8602,52310,4,'',1,900,4,'',1,209600,4,'',1,1000,4,'',1
'2',8602,53810,4,'',1
'3',8602,61810,4,'',1,1700,4,'',1,1800,4,'',1,5000,4,'',1,1000,4,'',1,1000,4,'',1,1000,4,'',1,1000,4,'',1
'1',11301,53710,4,'',1,6700,4,'',1,1600,4,'',1,1600,4,'',1,1600,4,'',1,5500,4,'',1,1890,4,'',1,1900,4,'',1,900,4,'',1,5600,4,'',1,1600,4,'',1,1600,4,'',1,1600,4,'',1,5600,4,'',1,1900,4,'',1,2000,4,'',1,6000,4,'',1,2000,4,'',1,2000,4,'',1,6000,4,'',1,2000,4,'',1,2000,4,'',1,6000,4,'',1,2000,4,'',1,2000,4,'',1,6000,4,'',1,2000,4,'',1,2000,4,'',1,6000,4,'',1,2000,4,'',1,2000,4,'',1,6010,4,'',1,2200,4,'',1,2000,4,'',1,5500,4,'',1,1500,4,'',1,1500,4,'',1,1500,4,'',1,5500,4,'',1,1500,4,'',1,1500,4,'',1,1500,4,'',1,5500,4,'',1,1500,4,'',1,1500,4,'',1,1500,4,'',1,5310,4,'',1,1300,4,'',1,1300,4,'',1,1500,4,'',1,6300,4,'',1,2300,4,'',1,2300,4,'',1,6300,4,'',1,2300,4,'',1,6300,4,'',1,2100,4,'',1,1800,4,'',1,6200,4,'',1,3000,4,'',1,7000,4,'',1,3000,4,'',1,7000,4,'',1,3000,4,'',1,6800,4,'',1
'2',11301,53620,4,'',1,6900,4,'',1,2600,4,'',1,2600,4,'',1,6600,4,'',1,2600,4,'',1,6790,4,'',1,2600,4,'',1,6200,4,'',1,2000,4,'',1,1600,4,'',1,1600,4,'',1,5600,4,'',1,1600,4,'',1,1600,4,'',1,5600,4,'',1,1600,4,'',1,1600,4,'',1,1600,4,'',1,5600,4,'',1,1600,4,'',1,1600,4,'',1,1600,4,'',1,5600,4,'',1,1600,4,'',1,1600,4,'',1,1600,4,'',1,5600,4,'',1,1600,4,'',1,1600,4,'',1,5600,4,'',1,1600,4,'',1,1600,4,'',1,1600,4,'',1,5600,4,'',1,1600,4,'',1,1600,4,'',1,1600,4,'',1,5600,4,'',1,1600,4,'',1,1600,4,'',1,1600,4,'',1,5600,4,'',1,1600,4,'',1,1600,4,'',1,5600,4,'',1,1600,4,'',1,1400,4,'',1,1600,4,'',1,5600,4,'',1,1700,4,'',1,2000,4,'',1,6000,4,'',1,2000,4,'',1,2000,4,'',1,6000,4,'',1,1610,4,'',1,2500,4,'',1,6600,4,'',1,2600,4,'',1,2600,4,'',1,6600,4,'',1,2600,4,'',1,6600,4,'',1,2300,4,'',1
'3',11301,80110,4,'',1,2800,4,'',1,2800,4,'',1,6800,4,'',1,2800,4,'',1,6800,4,'',1,2800,4,'',1,6800,4,'',1,2800,4,'',1,6800,4,'',1,3200,4,'',1,6600,4,'',1,2200,4,'',1,2000,4,'',1,6000,4,'',1,2000,4,'',1,2000,4,'',1,6000,4,'',1,2000,4,'',1,2000,4,'',1,6000,4,'',1,2000,4,'',1,2000,4,'',1,6000,4,'',1,2000,4,'',1,2000,4,'',1,6000,4,'',1,2000,4,'',1,2000,4,'',1,6000,4,'',1,1800,4,'',1,2000,4,'',1,6500,4,'',1,2800,4,'',1,6800,4,'',1,2800,4,'',1,6410,4,'',1,2200,4,'',1,2200,4,'',1,6200,4,'',1,2500,4,'',1,6500,4,'',1,2500,4,'',1,2500,4,'',1,6500,4,'',1,2500,4,'',1
'4',11301,55410,4,'',1,7000,4,'',1,3000,4,'',1,7000,4,'',1,3000,4,'',1,7000,4,'',1,3000,4,'',1,7000,4,'',1,2900,4,'',1,6800,4,'',1,2800,4,'',1,6800,4,'',1,2800,4,'',1,6800,4,'',1,3200,4,'',1,6600,4,'',1,2200,4,'',1,2000,4,'',1,6000,4,'',1,2000,4,'',1,2000,4,'',1,6000,4,'',1,2000,4,'',1,2000,4,'',1,6000,4,'',1,2000,4,'',1,2000,4,'',1,6000,4,'',1,2000,4,'',1,2000,4,'',1,6000,4,'',1,2000,4,'',1,2000,4,'',1,6000,4,'',1,1800,4,'',1,2000,4,'',1,6500,4,'',1,2800,4,'',1,6800,4,'',1,2800,4,'',1,6410,4,'',1,2200,4,'',1,2200,4,'',1,6200,4,'',1,2500,4,'',1,6500,4,'',1,2500,4,'',1,2500,4,'',1,6500,4,'',1,2500,4,'',1
'1',11602,262610,4,'',1
'2',11602,262010,4,'',1
'3',11602,261710,4,'',1
'4',11602,261710,4,'',1
'1',12904,60800,4,'',1,800,4,'',1,800,4,'',1,800,4,'',1,800,4,'',1,800,4,'',1,800,4,'',1,4800,4,'',1,800,4,'',1,800,4,'',1,800,4,'',1,800,4,'',1,1300,4,'',1,800,4,'',1,4800,4,'',1,800,4,'',1,800,4,'',1,800,4,'',1,800,4,'',1,800,4,'',1,800,4,'',1,4800,4,'',1,800,4,'',1,800,4,'',1,800,4,'',1,800,4,'',1,800,4,'',1,700,4,'',1,900,4,'',1,4900,4,'',1,900,4,'',1,900,4,'',1,900,4,'',1,900,4,'',1,900,4,'',1,4900,4,'',1,900,4,'',1,900,4,'',1,900,4,'',1,900,4,'',1,900,4,'',1,900,4,'',1,4900,4,'',1,900,4,'',1,900,4,'',1,900,4,'',1,900,4,'',1,900,4,'',1,900,4,'',1,4900,4,'',1,900,4,'',1,900,4,'',1,900,4,'',1,900,4,'',1,900,4,'',1,4900,4,'',1,900,4,'',1,900,4,'',1,900,4,'',1,900,4,'',1,900,4,'',1,900,4,'',1,400,4,'',1,4500,4,'',1,900,4,'',1,900,4,'',1,400,4,'',1,500,4,'',1,900,4,'',1,400,4,'',1,400,4,'',1,700,4,'',1,4700,4,'',1,700,4,'',1,700,4,'',1,700,4,'',1,700,4,'',1,700,4,'',1,700,4,'',1,700,4,'',1,700,4,'',1,4700,4,'',1,700,4,'',1,700,4,'',1,700,4,'',1,700,4,'',1,700,4,'',1,700,4,'',1,700,4,'',1,4700,4,'',1,700,4,'',1,700,4,'',1,700,4,'',1,700,4,'',1,700,4,'',1,700,4,'',1,700,4,'',1,700,4,'',1,4700,4,'',1,700,4,'',1,700,4,'',1,700,4,'',1,700,4,'',1,700,4,'',1,210,4,'',1,800,4,'',1,800,4,'',1,4800,4,'',1,800,4,'',1,800,4,'',1,800,4,'',1,800,4,'',1,800,4,'',1,800,4,'',1,4800,4,'',1,800,4,'',1,800,4,'',1,800,4,'',1,800,4,'',1,800,4,'',1,800,4,'',1,800,4,'',1,4800,4,'',1,800,4,'',1,800,4,'',1,800,4,'',1,100,4,'',1,1000,4,'',1,1000,4,'',1,1000,4,'',1,5000,4,'',1,1000,4,'',1,1000,4,'',1,1000,4,'',1,1000,4,'',1,1000,4,'',1,5000,4,'',1,1000,4,'',1,1000,4,'',1,1000,4,'',1,1000,4,'',1,1000,4,'',1,5000,4,'',1,1000,4,'',1,1000,4,'',1,1000,4,'',1,1000,4,'',1,1000,4,'',1,5000,4,'',1,1500,4,'',1
'2',12904,60510,4,'',1,900,4,'',1,800,4,'',1,900,4,'',1,800,4,'',1,900,4,'',1,800,4,'',1,4900,4,'',1,800,4,'',1,900,4,'',1,800,4,'',1,900,4,'',1,800,4,'',1,900,4,'',1,4800,4,'',1,900,4,'',1,800,4,'',1,900,4,'',1,800,4,'',1,900,4,'',1,800,4,'',1,4900,4,'',1,800,4,'',1,400,4,'',1,500,4,'',1,800,4,'',1,800,4,'',1,400,4,'',1,800,4,'',1,700,4,'',1,4800,4,'',1,700,4,'',1,800,4,'',1,700,4,'',1,800,4,'',1,700,4,'',1,800,4,'',1,700,4,'',1,4800,4,'',1,700,4,'',1,800,4,'',1,700,4,'',1,800,4,'',1,700,4,'',1,800,4,'',1,700,4,'',1,4800,4,'',1,700,4,'',1,800,4,'',1,700,4,'',1,800,4,'',1,890,4,'',1,800,4,'',1,700,4,'',1,4800,4,'',1,700,4,'',1,800,4,'',1,700,4,'',1,800,4,'',1,700,4,'',1,800,4,'',1,700,4,'',1,4800,4,'',1,700,4,'',1,800,4,'',1,700,4,'',1,800,4,'',1,700,4,'',1,800,4,'',1,700,4,'',1,4800,4,'',1,700,4,'',1,800,4,'',1,700,4,'',1,800,4,'',1,700,4,'',1,800,4,'',1,700,4,'',1,4800,4,'',1,700,4,'',1,800,4,'',1,700,4,'',1,800,4,'',1,700,4,'',1,800,4,'',1,700,4,'',1,4800,4,'',1,700,4,'',1,800,4,'',1,700,4,'',1,800,4,'',1,700,4,'',1,800,4,'',1,700,4,'',1,4800,4,'',1,700,4,'',1,800,4,'',1,700,4,'',1,800,4,'',1,700,4,'',1,800,4,'',1,700,4,'',1,4800,4,'',1,700,4,'',1,800,4,'',1,700,4,'',1,800,4,'',1,610,4,'',1,1000,4,'',1,5000,4,'',1,1000,4,'',1,1000,4,'',1,1000,4,'',1,1000,4,'',1,1000,4,'',1,5000,4,'',1,1000,4,'',1,1000,4,'',1,1000,4,'',1,1000,4,'',1,1000,4,'',1,5000,4,'',1,1000,4,'',1,1000,4,'',1,1000,4,'',1,500,4,'',1,1000,4,'',1,1000,4,'',1,5000,4,'',1,1000,4,'',1,1000,4,'',1,1000,4,'',1,1000,4,'',1,1000,4,'',1,5000,4,'',1,1000,4,'',1,1000,4,'',1,1000,4,'',1,1000,4,'',1,1000,4,'',1,5000,4,'',1,1000,4,'',1,1000,4,'',1,1000,4,'',1,1000,4,'',1,1000,4,'',1,5000,4,'',1
'3',12904,81400,4,'',1,800,4,'',1,800,4,'',1,800,4,'',1,800,4,'',1,800,4,'',1,4900,4,'',1,900,4,'',1,900,4,'',1,900,4,'',1,900,4,'',1,900,4,'',1,900,4,'',1,4900,4,'',1,900,4,'',1,900,4,'',1,900,4,'',1,900,4,'',1,900,4,'',1,4900,4,'',1,900,4,'',1,900,4,'',1,900,4,'',1,900,4,'',1,900,4,'',1,900,4,'',1,4900,4,'',1,900,4,'',1,900,4,'',1,900,4,'',1,1310,4,'',1,1000,4,'',1,5000,4,'',1,1000,4,'',1,1000,4,'',1,1000,4,'',1,1000,4,'',1,1000,4,'',1,5000,4,'',1,1000,4,'',1,1000,4,'',1,1000,4,'',1,1000,4,'',1,1000,4,'',1,5000,4,'',1,1000,4,'',1,1000,4,'',1,1000,4,'',1,1000,4,'',1,1000,4,'',1,5000,4,'',1,1000,4,'',1,1000,4,'',1,1000,4,'',1,1000,4,'',1,1000,4,'',1,5000,4,'',1,1000,4,'',1,1000,4,'',1,1000,4,'',1,1000,4,'',1,1000,4,'',1,5000,4,'',1,1000,4,'',1,1000,4,'',1,1000,4,'',1,1000,4,'',1,1000,4,'',1,5000,4,'',1,1000,4,'',1,1000,4,'',1,900,4,'',1,600,4,'',1,900,4,'',1,900,4,'',1,4900,4,'',1,900,4,'',1,900,4,'',1,1000,4,'',1,1000,4,'',1,1000,4,'',1,5000,4,'',1,1000,4,'',1,1000,4,'',1,1000,4,'',1,1000,4,'',1,1000,4,'',1,5000,4,'',1,1000,4,'',1,1000,4,'',1,1000,4,'',1,1000,4,'',1,1000,4,'',1,600,4,'',1,5000,4,'',1,1000,4,'',1,1000,4,'',1,1000,4,'',1,1000,4,'',1,1000,4,'',1,5000,4,'',1,1000,4,'',1,1000,4,'',1,1000,4,'',1,1000,4,'',1,1000,4,'',1,5000,4,'',1,1000,4,'',1,1000,4,'',1,1000,4,'',1,1000,4,'',1,1000,4,'',1,5700,4,'',1
'4',12904,55900,4,'',1,4900,4,'',1,900,4,'',1,900,4,'',1,900,4,'',1,900,4,'',1,900,4,'',1,4900,4,'',1,900,4,'',1,900,4,'',1,900,4,'',1,900,4,'',1,900,4,'',1,900,4,'',1,4900,4,'',1,900,4,'',1,800,4,'',1,800,4,'',1,800,4,'',1,800,4,'',1,800,4,'',1,4900,4,'',1,900,4,'',1,900,4,'',1,900,4,'',1,900,4,'',1,900,4,'',1,900,4,'',1,4900,4,'',1,900,4,'',1,900,4,'',1,900,4,'',1,900,4,'',1,900,4,'',1,4900,4,'',1,900,4,'',1,900,4,'',1,900,4,'',1,900,4,'',1,900,4,'',1,900,4,'',1,4900,4,'',1,900,4,'',1,900,4,'',1,900,4,'',1,1310,4,'',1,1000,4,'',1,5000,4,'',1,1000,4,'',1,1000,4,'',1,1000,4,'',1,1000,4,'',1,1000,4,'',1,5000,4,'',1,1000,4,'',1,1000,4,'',1,1000,4,'',1,1000,4,'',1,1000,4,'',1,5000,4,'',1,1000,4,'',1,1000,4,'',1,1000,4,'',1,1000,4,'',1,1000,4,'',1,5000,4,'',1,1000,4,'',1,1000,4,'',1,1000,4,'',1,1000,4,'',1,1000,4,'',1,5000,4,'',1,1000,4,'',1,1000,4,'',1,1000,4,'',1,1000,4,'',1,1000,4,'',1,5000,4,'',1,1000,4,'',1,1000,4,'',1,1000,4,'',1,1000,4,'',1,1000,4,'',1,5000,4,'',1,1000,4,'',1,1000,4,'',1,900,4,'',1,600,4,'',1,900,4,'',1,900,4,'',1,4900,4,'',1,900,4,'',1,900,4,'',1,1000,4,'',1,1000,4,'',1,1000,4,'',1,5000,4,'',1,1000,4,'',1,1000,4,'',1,1000,4,'',1,1000,4,'',1,1000,4,'',1,5000,4,'',1,1000,4,'',1,1000,4,'',1,1000,4,'',1,1000,4,'',1,1000,4,'',1,600,4,'',1,5000,4,'',1,1000,4,'',1,1000,4,'',1,1000,4,'',1,1000,4,'',1,1000,4,'',1,5000,4,'',1,1000,4,'',1,1000,4,'',1,1000,4,'',1,1000,4,'',1,1000,4,'',1,5000,4,'',1,1000,4,'',1,1000,4,'',1,1000,4,'',1,1000,4,'',1,1000,4,'',1,5700,4,'',1
'1',13101,60600,4,'',1,1600,4,'',1,1200,4,'',1,1200,4,'',1,5700,4,'',1,1200,4,'',1,1200,4,'',1,1200,4,'',1,1200,4,'',1,5200,4,'',1,1200,4,'',1,1200,4,'',1,1200,4,'',1,1200,4,'',1,5200,4,'',1,1200,4,'',1,1200,4,'',1,1200,4,'',1,1200,4,'',1,5100,4,'',1,1300,4,'',1,2100,4,'',1,1500,4,'',1,5500,4,'',1,1500,4,'',1,1500,4,'',1,1500,4,'',1,5500,4,'',1,1500,4,'',1,1500,4,'',1,1500,4,'',1,5500,4,'',1,1500,4,'',1,1500,4,'',1,1500,4,'',1,5500,4,'',1,1500,4,'',1,1300,4,'',1,1700,4,'',1,5500,4,'',1,1500,4,'',1,2300,4,'',1,1200,4,'',1,5200,4,'',1,1200,4,'',1,1200,4,'',1,1200,4,'',1,1200,4,'',1,5200,4,'',1,1200,4,'',1,1200,4,'',1,1200,4,'',1,1200,4,'',1,5200,4,'',1,1200,4,'',1,1200,4,'',1,1200,4,'',1,1200,4,'',1,5200,4,'',1,310,4,'',1,1500,4,'',1,1500,4,'',1,1500,4,'',1,5500,4,'',1,1500,4,'',1,1500,4,'',1,1500,4,'',1,5500,4,'',1,1500,4,'',1,1500,4,'',1,1500,4,'',1,5500,4,'',1,1500,4,'',1,1500,4,'',1,1500,4,'',1,5700,4,'',1,1500,4,'',1,2000,4,'',1,6000,4,'',1,2000,4,'',1,2000,4,'',1,6000,4,'',1,2500,4,'',1
'2',13101,72410,4,'',1,2200,4,'',1,6000,4,'',1,2000,4,'',1,2290,4,'',1,5800,4,'',1,1800,4,'',1,1800,4,'',1,5800,4,'',1,1800,4,'',1,1800,4,'',1,1800,4,'',1,5800,4,'',1,1800,4,'',1,1800,4,'',1,5800,4,'',1,1800,4,'',1,1800,4,'',1,5800,4,'',1,1800,4,'',1,1800,4,'',1,1800,4,'',1,5800,4,'',1,1800,4,'',1,1800,4,'',1,5800,4,'',1,1900,4,'',1,1400,4,'',1,1600,4,'',1,5600,4,'',1,1600,4,'',1,1600,4,'',1,5600,4,'',1,1600,4,'',1,1600,4,'',1,1600,4,'',1,5600,4,'',1,1600,4,'',1,1600,4,'',1,1600,4,'',1,5600,4,'',1,1600,4,'',1,1600,4,'',1,1210,4,'',1,5600,4,'',1,1600,4,'',1,1600,4,'',1,1600,4,'',1,5600,4,'',1,1600,4,'',1,1600,4,'',1,5600,4,'',1,1600,4,'',1,1600,4,'',1,1600,4,'',1,6000,4,'',1,2000,4,'',1,2000,4,'',1,6000,4,'',1,2000,4,'',1,2000,4,'',1,6000,4,'',1,2000,4,'',1,2000,4,'',1,5600,4,'',1
'3',13101,81100,4,'',1,2000,4,'',1,2000,4,'',1,6000,4,'',1,2000,4,'',1,2000,4,'',1,6000,4,'',1,2000,4,'',1,2000,4,'',1,6000,4,'',1,2000,4,'',1,2000,4,'',1,6000,4,'',1,2000,4,'',1,2000,4,'',1,6000,4,'',1,2000,4,'',1,2000,4,'',1,6000,4,'',1,2000,4,'',1,2000,4,'',1,6000,4,'',1,2000,4,'',1,1710,4,'',1,5800,4,'',1,1800,4,'',1,1800,4,'',1,5800,4,'',1,1800,4,'',1,1800,4,'',1,1800,4,'',1,5800,4,'',1,1800,4,'',1,1800,4,'',1,5800,4,'',1,1600,4,'',1,1800,4,'',1,1800,4,'',1,5800,4,'',1,1800,4,'',1,1800,4,'',1,5800,4,'',1,1800,4,'',1,1400,4,'',1,5800,4,'',1,2000,4,'',1,2000,4,'',1,6000,4,'',1,2000,4,'',1,2000,4,'',1,6000,4,'',1,2000,4,'',1,2000,4,'',1,6200,4,'',1
'4',13101,73100,4,'',1,2000,4,'',1,6000,4,'',1,2000,4,'',1,2000,4,'',1,6000,4,'',1,2000,4,'',1,2000,4,'',1,6000,4,'',1,2000,4,'',1,2000,4,'',1,6000,4,'',1,2000,4,'',1,2000,4,'',1,6000,4,'',1,2000,4,'',1,2000,4,'',1,6000,4,'',1,2000,4,'',1,2000,4,'',1,6000,4,'',1,2000,4,'',1,2000,4,'',1,6000,4,'',1,2000,4,'',1,1710,4,'',1,5800,4,'',1,1800,4,'',1,1800,4,'',1,5800,4,'',1,1800,4,'',1,1800,4,'',1,1800,4,'',1,5800,4,'',1,1800,4,'',1,1800,4,'',1,5800,4,'',1,1600,4,'',1,1800,4,'',1,1800,4,'',1,5800,4,'',1,1800,4,'',1,1800,4,'',1,5800,4,'',1,1800,4,'',1,1400,4,'',1,5800,4,'',1,2000,4,'',1,2000,4,'',1,6000,4,'',1,2000,4,'',1,2000,4,'',1,6000,4,'',1,2000,4,'',1,2000,4,'',1,6200,4,'',1
'1',13304,60600,4,'',1,2000,4,'',1,1300,4,'',1,1300,4,'',1,5300,4,'',1,1300,4,'',1,1300,4,'',1,1300,4,'',1,1300,4,'',1,5300,4,'',1,1300,4,'',1,1300,4,'',1,1300,4,'',1,5300,4,'',1,1300,4,'',1,1300,4,'',1,1300,4,'',1,1300,4,'',1,5300,4,'',1,1300,4,'',1,1300,4,'',1,1300,4,'',1,1300,4,'',1,5300,4,'',1,1300,4,'',1,1300,4,'',1,1300,4,'',1,5300,4,'',1,1300,4,'',1,1300,4,'',1,1300,4,'',1,1500,4,'',1,5300,4,'',1,1300,4,'',1,1300,4,'',1,1300,4,'',1,5300,4,'',1,1300,4,'',1,1300,4,'',1,1300,4,'',1,1300,4,'',1,5300,4,'',1,1300,4,'',1,1300,4,'',1,1300,4,'',1,5300,4,'',1,1430,4,'',1,1000,4,'',1,1200,4,'',1,800,4,'',1,1000,4,'',1,5000,4,'',1,1000,4,'',1,1000,4,'',1,1000,4,'',1,1000,4,'',1,1000,4,'',1,5000,4,'',1,1000,4,'',1,1000,4,'',1,1000,4,'',1,1000,4,'',1,1000,4,'',1,5000,4,'',1,1000,4,'',1,1000,4,'',1,1000,4,'',1,1000,4,'',1,1000,4,'',1,320,4,'',1,5000,4,'',1,1100,4,'',1,1300,4,'',1,1300,4,'',1,1300,4,'',1,5300,4,'',1,1300,4,'',1,1300,4,'',1,1300,4,'',1,5300,4,'',1,1300,4,'',1,1300,4,'',1,1300,4,'',1,660,4,'',1,5300,4,'',1,1300,4,'',1,2000,4,'',1,2200,4,'',1,6200,4,'',1,2200,4,'',1,6200,4,'',1,2200,4,'',1,2200,4,'',1,6200,4,'',1,2600,4,'',1
'2',13304,61310,4,'',1,1400,4,'',1,1500,4,'',1,1500,4,'',1,5500,4,'',1,1500,4,'',1,1500,4,'',1,1500,4,'',1,5500,4,'',1,1500,4,'',1,1500,4,'',1,1500,4,'',1,5500,4,'',1,1500,4,'',1,1500,4,'',1,1200,4,'',1,5200,4,'',1,1200,4,'',1,1200,4,'',1,1200,4,'',1,1200,4,'',1,5200,4,'',1,1200,4,'',1,1200,4,'',1,1200,4,'',1,1200,4,'',1,5200,4,'',1,1200,4,'',1,1200,4,'',1,1200,4,'',1,1200,4,'',1,5200,4,'',1,1200,4,'',1,1200,4,'',1,1200,4,'',1,1200,4,'',1,5200,4,'',1,1200,4,'',1,1200,4,'',1,1200,4,'',1,1200,4,'',1,5200,4,'',1,1200,4,'',1,1200,4,'',1,1200,4,'',1,1200,4,'',1,5200,4,'',1,1200,4,'',1,1200,4,'',1,1200,4,'',1,1200,4,'',1,5200,4,'',1,1200,4,'',1,1200,4,'',1,1200,4,'',1,1200,4,'',1,5200,4,'',1,1200,4,'',1,1200,4,'',1,1200,4,'',1,1200,4,'',1,5200,4,'',1,1200,4,'',1,1200,4,'',1,1200,4,'',1,1200,4,'',1,5200,4,'',1,1200,4,'',1,1200,4,'',1,1200,4,'',1,1200,4,'',1,5200,4,'',1,1200,4,'',1,1200,4,'',1,1200,4,'',1,1200,4,'',1,5200,4,'',1,1200,4,'',1,1200,4,'',1,1200,4,'',1,900,4,'',1,5500,4,'',1,2000,4,'',1,2000,4,'',1,6000,4,'',1,2000,4,'',1,2000,4,'',1,6000,4,'',1,2000,4,'',1,2000,4,'',1,6000,4,'',1,2000,4,'',1,2100,4,'',1
'3',13304,71810,4,'',1,2500,4,'',1,6500,4,'',1,2500,4,'',1,2500,4,'',1,5590,4,'',1,1500,4,'',1,1500,4,'',1,1500,4,'',1,5500,4,'',1,1500,4,'',1,1500,4,'',1,1500,4,'',1,5500,4,'',1,1500,4,'',1,1500,4,'',1,1500,4,'',1,5500,4,'',1,1500,4,'',1,1500,4,'',1,1200,4,'',1,5200,4,'',1,810,4,'',1,1200,4,'',1,1200,4,'',1,1200,4,'',1,5200,4,'',1,1200,4,'',1,1200,4,'',1,1200,4,'',1,1200,4,'',1,5200,4,'',1,1200,4,'',1,1200,4,'',1,1200,4,'',1,1200,4,'',1,5200,4,'',1,1200,4,'',1,1200,4,'',1,1200,4,'',1,1200,4,'',1,5200,4,'',1,1200,4,'',1,1200,4,'',1,1200,4,'',1,1200,4,'',1,5200,4,'',1,1200,4,'',1,1200,4,'',1,1200,4,'',1,1200,4,'',1,5200,4,'',1,1200,4,'',1,1200,4,'',1,1200,4,'',1,900,4,'',1,5500,4,'',1,1200,4,'',1,1200,4,'',1,1200,4,'',1,1200,4,'',1,5200,4,'',1,1200,4,'',1,1200,4,'',1,1100,4,'',1,1300,4,'',1,5200,4,'',1,1200,4,'',1,1200,4,'',1,1100,4,'',1,1800,4,'',1,6100,4,'',1,1900,4,'',1,2000,4,'',1,6000,4,'',1,2000,4,'',1,2000,4,'',1,6000,4,'',1,2000,4,'',1,2000,4,'',1,6000,4,'',1,2400,4,'',1
'4',13304,71810,4,'',1,2500,4,'',1,6500,4,'',1,2500,4,'',1,2500,4,'',1,5590,4,'',1,1500,4,'',1,1500,4,'',1,1500,4,'',1,5500,4,'',1,1500,4,'',1,1500,4,'',1,1500,4,'',1,5500,4,'',1,1500,4,'',1,1500,4,'',1,1500,4,'',1,5500,4,'',1,1500,4,'',1,1500,4,'',1,1200,4,'',1,5200,4,'',1,810,4,'',1,1200,4,'',1,1200,4,'',1,1200,4,'',1,5200,4,'',1,1200,4,'',1,1200,4,'',1,1200,4,'',1,1200,4,'',1,5200,4,'',1,1200,4,'',1,1200,4,'',1,1200,4,'',1,1200,4,'',1,5200,4,'',1,1200,4,'',1,1200,4,'',1,1200,4,'',1,1200,4,'',1,5200,4,'',1,1200,4,'',1,1200,4,'',1,1200,4,'',1,1200,4,'',1,5200,4,'',1,1200,4,'',1,1200,4,'',1,1200,4,'',1,1200,4,'',1,5200,4,'',1,1200,4,'',1,1200,4,'',1,1200,4,'',1,900,4,'',1,5500,4,'',1,1200,4,'',1,1200,4,'',1,1200,4,'',1,1200,4,'',1,5200,4,'',1,1200,4,'',1,1200,4,'',1,1100,4,'',1,1300,4,'',1,5200,4,'',1,1200,4,'',1,1200,4,'',1,1100,4,'',1,1800,4,'',1,6100,4,'',1,1900,4,'',1,2000,4,'',1,6000,4,'',1,2000,4,'',1,2000,4,'',1,6000,4,'',1,2000,4,'',1,2000,4,'',1,6000,4,'',1,2400,4,'',1
'1',90304,55650,4,'',1,4700,4,'',1,700,4,'',1,700,4,'',1,700,4,'',1,700,4,'',1,800,4,'',1,800,4,'',1,800,4,'',1,4800,4,'',1,800,4,'',1,800,4,'',1,800,4,'',1,800,4,'',1,800,4,'',1,800,4,'',1,800,4,'',1,4800,4,'',1,800,4,'',1,800,4,'',1,800,4,'',1,800,4,'',1,800,4,'',1,800,4,'',1,4800,4,'',1,800,4,'',1,800,4,'',1,800,4,'',1,800,4,'',1,800,4,'',1,800,4,'',1,800,4,'',1,4800,4,'',1,800,4,'',1,800,4,'',1,800,4,'',1,800,4,'',1,800,4,'',1,800,4,'',1,4800,4,'',1,800,4,'',1,800,4,'',1,800,4,'',1,800,4,'',1,800,4,'',1,800,4,'',1,800,4,'',1,4800,4,'',1,800,4,'',1,800,4,'',1,800,4,'',1,800,4,'',1,800,4,'',1,800,4,'',1,4800,4,'',1,800,4,'',1,800,4,'',1,800,4,'',1,800,4,'',1,800,4,'',1,800,4,'',1,800,4,'',1,4800,4,'',1,800,4,'',1,800,4,'',1,800,4,'',1,1000,4,'',1,1000,4,'',1,5000,4,'',1,1000,4,'',1,1000,4,'',1,1000,4,'',1,1000,4,'',1,1000,4,'',1,5000,4,'',1,1000,4,'',1,1000,4,'',1,1000,4,'',1,1000,4,'',1,1000,4,'',1,5000,4,'',1,1000,4,'',1,1000,4,'',1,1000,4,'',1,1000,4,'',1,1000,4,'',1,5000,4,'',1,1000,4,'',1,1000,4,'',1,1000,4,'',1,1000,4,'',1,1000,4,'',1,5260,4,'',1,1200,4,'',1,1200,4,'',1,1200,4,'',1,1200,4,'',1,5200,4,'',1,1200,4,'',1,1200,4,'',1,1200,4,'',1,1200,4,'',1,5200,4,'',1,1200,4,'',1,1200,4,'',1,1200,4,'',1,1200,4,'',1
'2',90304,55710,4,'',1,5400,4,'',1,1400,4,'',1,1500,4,'',1,1500,4,'',1,5500,4,'',1,1500,4,'',1,1500,4,'',1,1500,4,'',1,5500,4,'',1,1500,4,'',1,1500,4,'',1,1500,4,'',1,5500,4,'',1,1500,4,'',1,1500,4,'',1,1500,4,'',1,5500,4,'',1,1500,4,'',1,1500,4,'',1,1500,4,'',1,5500,4,'',1,1500,4,'',1,1500,4,'',1,1440,4,'',1,5200,4,'',1,1300,4,'',1,1200,4,'',1,1300,4,'',1,1200,4,'',1,5300,4,'',1,1200,4,'',1,1300,4,'',1,1200,4,'',1,1300,4,'',1,5200,4,'',1,1300,4,'',1,1200,4,'',1,1300,4,'',1,5200,4,'',1,1300,4,'',1,1200,4,'',1,1300,4,'',1,1200,4,'',1,5300,4,'',1,1200,4,'',1,1300,4,'',1,1200,4,'',1,1300,4,'',1,5200,4,'',1,1300,4,'',1,1200,4,'',1,1300,4,'',1,1200,4,'',1,5300,4,'',1,1200,4,'',1,1300,4,'',1,1200,4,'',1,1260,4,'',1,5300,4,'',1,1200,4,'',1,1300,4,'',1,1200,4,'',1,5300,4,'',1,1200,4,'',1,1300,4,'',1,1200,4,'',1,1300,4,'',1,5200,4,'',1,1300,4,'',1,1200,4,'',1,1200,4,'',1,1400,4,'',1,5500,4,'',1,1500,4,'',1,1500,4,'',1,1500,4,'',1,5500,4,'',1,1500,4,'',1,1500,4,'',1,1500,4,'',1,5500,4,'',1,1500,4,'',1,1500,4,'',1,1500,4,'',1,5500,4,'',1,1500,4,'',1,1100,4,'',1
'3',90304,74910,4,'',1,5400,4,'',1,1300,4,'',1,1200,4,'',1,1300,4,'',1,1200,4,'',1,5240,4,'',1,1200,4,'',1,1300,4,'',1,1200,4,'',1,1300,4,'',1,5200,4,'',1,1300,4,'',1,1200,4,'',1,1300,4,'',1,1200,4,'',1,5300,4,'',1,1200,4,'',1,1300,4,'',1,1200,4,'',1,5360,4,'',1,1200,4,'',1,1300,4,'',1,1200,4,'',1,1300,4,'',1,5200,4,'',1,1300,4,'',1,1200,4,'',1,1300,4,'',1,1200,4,'',1,5300,4,'',1,1200,4,'',1,1300,4,'',1,1200,4,'',1,1300,4,'',1,5200,4,'',1,1300,4,'',1,1200,4,'',1,1300,4,'',1,1200,4,'',1,5300,4,'',1,1200,4,'',1,1300,4,'',1,1200,4,'',1,5300,4,'',1,1200,4,'',1,1300,4,'',1,1200,4,'',1,1300,4,'',1,5200,4,'',1,1300,4,'',1,1200,4,'',1,1300,4,'',1,1300,4,'',1,5500,4,'',1,1500,4,'',1,1500,4,'',1,1500,4,'',1,5500,4,'',1,1500,4,'',1,1500,4,'',1,1500,4,'',1,5500,4,'',1,1500,4,'',1,1500,4,'',1,1500,4,'',1,5500,4,'',1,1500,4,'',1,1500,4,'',1,1500,4,'',1,5500,4,'',1,1500,4,'',1,1500,4,'',1,1500,4,'',1,5500,4,'',1,1500,4,'',1,1500,4,'',1,1500,4,'',1,5500,4,'',1,1500,4,'',1,1200,4,'',1
'4',90304,55710,4,'',1,5200,4,'',1,1300,4,'',1,1200,4,'',1,1300,4,'',1,1200,4,'',1,5300,4,'',1,1200,4,'',1,1300,4,'',1,1200,4,'',1,5400,4,'',1,1300,4,'',1,1200,4,'',1,1300,4,'',1,1200,4,'',1,5240,4,'',1,1200,4,'',1,1300,4,'',1,1200,4,'',1,1300,4,'',1,5200,4,'',1,1300,4,'',1,1200,4,'',1,1300,4,'',1,1200,4,'',1,5300,4,'',1,1200,4,'',1,1300,4,'',1,1200,4,'',1,5360,4,'',1,1200,4,'',1,1300,4,'',1,1200,4,'',1,1300,4,'',1,5200,4,'',1,1300,4,'',1,1200,4,'',1,1300,4,'',1,1200,4,'',1,5300,4,'',1,1200,4,'',1,1300,4,'',1,1200,4,'',1,1300,4,'',1,5200,4,'',1,1300,4,'',1,1200,4,'',1,1300,4,'',1,1200,4,'',1,5300,4,'',1,1200,4,'',1,1300,4,'',1,1200,4,'',1,5300,4,'',1,1200,4,'',1,1300,4,'',1,1200,4,'',1,1300,4,'',1,5200,4,'',1,1300,4,'',1,1200,4,'',1,1300,4,'',1,1300,4,'',1,5500,4,'',1,1500,4,'',1,1500,4,'',1,1500,4,'',1,5500,4,'',1,1500,4,'',1,1500,4,'',1,1500,4,'',1,5500,4,'',1,1500,4,'',1,1500,4,'',1,1500,4,'',1,5500,4,'',1,1500,4,'',1,1500,4,'',1,1500,4,'',1,5500,4,'',1,1500,4,'',1,1500,4,'',1,1500,4,'',1,5500,4,'',1,1500,4,'',1,1500,4,'',1,1500,4,'',1,5500,4,'',1,1500,4,'',1,1200,4,'',1
'1',93802,150700,4,'',1,1500,4,'',1,1700,4,'',1,1500,4,'',1,5500,4,'',1,1500,4,'',1,1500,4,'',1,1500,4,'',1,5500,4,'',1,1500,4,'',1,1500,4,'',1,1500,4,'',1,5500,4,'',1,1500,4,'',1,1500,4,'',1,1500,4,'',1,5320,4,'',1,1500,4,'',1
'1',93901,62100,4,'',1,800,4,'',1,800,4,'',1,800,4,'',1,800,4,'',1,4800,4,'',1,800,4,'',1,800,4,'',1,800,4,'',1,800,4,'',1,800,4,'',1,800,4,'',1,800,4,'',1,4800,4,'',1,800,4,'',1,800,4,'',1,800,4,'',1,1000,4,'',1,800,4,'',1,800,4,'',1,4800,4,'',1,800,4,'',1,400,4,'',1,400,4,'',1,400,4,'',1,400,4,'',1,400,4,'',1,400,4,'',1,400,4,'',1,400,4,'',1,400,4,'',1,400,4,'',1,400,4,'',1,400,4,'',1,4400,4,'',1,400,4,'',1,800,4,'',1,700,4,'',1,700,4,'',1,700,4,'',1,700,4,'',1,700,4,'',1,700,4,'',1,4700,4,'',1,700,4,'',1,700,4,'',1,700,4,'',1,700,4,'',1,700,4,'',1,700,4,'',1,700,4,'',1,4700,4,'',1,700,4,'',1,700,4,'',1,700,4,'',1,700,4,'',1,700,4,'',1,700,4,'',1,700,4,'',1,700,4,'',1,4700,4,'',1,700,4,'',1,700,4,'',1,700,4,'',1,700,4,'',1,700,4,'',1,700,4,'',1,700,4,'',1,700,4,'',1,4700,4,'',1,700,4,'',1,700,4,'',1,700,4,'',1,700,4,'',1,700,4,'',1,700,4,'',1,700,4,'',1,4700,4,'',1,700,4,'',1,800,4,'',1,900,4,'',1,900,4,'',1,1500,4,'',1,5200,4,'',1,1200,4,'',1,1200,4,'',1,1200,4,'',1,1200,4,'',1,5200,4,'',1,1200,4,'',1,1200,4,'',1,1200,4,'',1,1200,4,'',1,5200,4,'',1,1200,4,'',1,1200,4,'',1,1200,4,'',1,1200,4,'',1,600,4,'',1,4600,4,'',1,600,4,'',1,600,4,'',1,500,4,'',1,400,4,'',1,400,4,'',1,400,4,'',1,210,4,'',1,800,4,'',1,800,4,'',1,800,4,'',1,4800,4,'',1,800,4,'',1,800,4,'',1,800,4,'',1,800,4,'',1,800,4,'',1,800,4,'',1,4800,4,'',1,800,4,'',1,800,4,'',1,800,4,'',1,800,4,'',1,800,4,'',1,800,4,'',1,800,4,'',1,4800,4,'',1,800,4,'',1,800,4,'',1,800,4,'',1,800,4,'',1,800,4,'',1,800,4,'',1,600,4,'',1,4600,4,'',1,400,4,'',1,1300,4,'',1,1300,4,'',1,1300,4,'',1,5300,4,'',1,1300,4,'',1,1300,4,'',1,1300,4,'',1,1300,4,'',1,5300,4,'',1,1300,4,'',1,1300,4,'',1,1300,4,'',1,1300,4,'',1
'2',93901,92210,4,'',1,900,4,'',1,800,4,'',1,900,4,'',1,800,4,'',1,4900,4,'',1,800,4,'',1,900,4,'',1,800,4,'',1,900,4,'',1,800,4,'',1,900,4,'',1,4800,4,'',1,500,4,'',1,800,4,'',1,900,4,'',1,800,4,'',1,900,4,'',1,1300,4,'',1,200,4,'',1,5200,4,'',1,890,4,'',1,510,4,'',1,890,4,'',1,510,4,'',1,890,4,'',1,510,4,'',1,4890,4,'',1,510,4,'',1,890,4,'',1,510,4,'',1,890,4,'',1,510,4,'',1,890,4,'',1,510,4,'',1,890,4,'',1,4510,4,'',1,890,4,'',1,510,4,'',1,890,4,'',1,510,4,'',1,890,4,'',1,510,4,'',1,890,4,'',1,510,4,'',1,4890,4,'',1,510,4,'',1,890,4,'',1,510,4,'',1,890,4,'',1,510,4,'',1,890,4,'',1,510,4,'',1,4890,4,'',1,510,4,'',1,890,4,'',1,510,4,'',1,890,4,'',1,510,4,'',1,890,4,'',1,510,4,'',1,890,4,'',1,4510,4,'',1,890,4,'',1,510,4,'',1,890,4,'',1,510,4,'',1,890,4,'',1,510,4,'',1,890,4,'',1,4510,4,'',1,890,4,'',1,510,4,'',1,890,4,'',1,510,4,'',1,890,4,'',1,510,4,'',1,890,4,'',1,510,4,'',1,4890,4,'',1,510,4,'',1,890,4,'',1,510,4,'',1,890,4,'',1,510,4,'',1,890,4,'',1,510,4,'',1,4890,4,'',1,510,4,'',1,890,4,'',1,510,4,'',1,890,4,'',1,510,4,'',1,890,4,'',1,510,4,'',1,890,4,'',1,4810,4,'',1,200,4,'',1,1800,4,'',1,200,4,'',1,1000,4,'',1,1000,4,'',1,1000,4,'',1,5000,4,'',1,1000,4,'',1,1000,4,'',1,1000,4,'',1,1000,4,'',1,800,4,'',1
'2901',93901,184700,4,'',1
'3',93901,90100,4,'',1,800,4,'',1,1000,4,'',1,1000,4,'',1,1000,4,'',1,1000,4,'',1,1000,4,'',1,5000,4,'',1,1000,4,'',1,1000,4,'',1,1000,4,'',1,1000,4,'',1,1000,4,'',1,5000,4,'',1,1000,4,'',1,1000,4,'',1,1000,4,'',1,1000,4,'',1,1000,4,'',1,5310,4,'',1,1000,4,'',1,1100,4,'',1,1000,4,'',1,1100,4,'',1,5000,4,'',1,1100,4,'',1,1000,4,'',1,1000,4,'',1,1000,4,'',1,1000,4,'',1,5000,4,'',1,1000,4,'',1,1000,4,'',1,1000,4,'',1,1000,4,'',1,1000,4,'',1,5000,4,'',1,1000,4,'',1,1000,4,'',1,1000,4,'',1,1000,4,'',1,1000,4,'',1,5000,4,'',1,1000,4,'',1,1000,4,'',1,1000,4,'',1,1000,4,'',1,1000,4,'',1,5000,4,'',1,1000,4,'',1,1000,4,'',1,1000,4,'',1,1000,4,'',1,1000,4,'',1,5000,4,'',1,1000,4,'',1,1000,4,'',1,1000,4,'',1,1000,4,'',1,1000,4,'',1,5000,4,'',1,1000,4,'',1,1000,4,'',1,1000,4,'',1,1000,4,'',1,1000,4,'',1,5000,4,'',1,1000,4,'',1,1000,4,'',1,1000,4,'',1,1000,4,'',1,1000,4,'',1,300,4,'',1,5000,4,'',1,1000,4,'',1,1000,4,'',1,1000,4,'',1,1000,4,'',1,1000,4,'',1,5000,4,'',1,1000,4,'',1,1000,4,'',1,1000,4,'',1,1000,4,'',1,1000,4,'',1
'4',93901,91900,4,'',1,1000,4,'',1,1000,4,'',1,1000,4,'',1,1000,4,'',1,5000,4,'',1,1000,4,'',1,1000,4,'',1,1000,4,'',1,1000,4,'',1,1000,4,'',1,5000,4,'',1,1000,4,'',1,1000,4,'',1,1000,4,'',1,1000,4,'',1,1000,4,'',1,5310,4,'',1,1000,4,'',1,1100,4,'',1,1000,4,'',1,1100,4,'',1,5000,4,'',1,1100,4,'',1,1000,4,'',1,1000,4,'',1,1000,4,'',1,1000,4,'',1,5000,4,'',1,1000,4,'',1,1000,4,'',1,1000,4,'',1,1000,4,'',1,1000,4,'',1,5000,4,'',1,1000,4,'',1,1000,4,'',1,1000,4,'',1,1000,4,'',1,1000,4,'',1,5000,4,'',1,1000,4,'',1,1000,4,'',1,1000,4,'',1,1000,4,'',1,1000,4,'',1,5000,4,'',1,1000,4,'',1,1000,4,'',1,1000,4,'',1,1000,4,'',1,1000,4,'',1,5000,4,'',1,1000,4,'',1,1000,4,'',1,1000,4,'',1,1000,4,'',1,1000,4,'',1,5000,4,'',1,1000,4,'',1,1000,4,'',1,1000,4,'',1,1000,4,'',1,1000,4,'',1,5000,4,'',1,1000,4,'',1,1000,4,'',1,1000,4,'',1,1000,4,'',1,1000,4,'',1,300,4,'',1,5000,4,'',1,1000,4,'',1,1000,4,'',1,1000,4,'',1,1000,4,'',1,1000,4,'',1,5000,4,'',1,1000,4,'',1,1000,4,'',1,1000,4,'',1,1000,4,'',1,1000,4,'',1
'1',98501,55950,4,'',1,5200,4,'',1,1200,4,'',1,1200,4,'',1,2400,4,'',1,5200,4,'',1,1200,4,'',1,1700,4,'',1,1500,4,'',1,5500,4,'',1,1500,4,'',1,1500,4,'',1,900,4,'',1,600,4,'',1,5500,4,'',1,1200,4,'',1,1200,4,'',1,1200,4,'',1,1100,4,'',1,5200,4,'',1,1200,4,'',1,1200,4,'',1,1200,4,'',1,1200,4,'',1,5200,4,'',1,1200,4,'',1,1200,4,'',1,1200,4,'',1,1200,4,'',1,5200,4,'',1,1200,4,'',1,1200,4,'',1,1200,4,'',1,1200,4,'',1,5200,4,'',1,1200,4,'',1,1200,4,'',1,1200,4,'',1,1200,4,'',1,5200,4,'',1,1200,4,'',1,1200,4,'',1,1200,4,'',1,1200,4,'',1,5500,4,'',1,1500,4,'',1,1500,4,'',1,5900,4,'',1,1500,4,'',1,1500,4,'',1,1500,4,'',1,5500,4,'',1,1500,4,'',1,1500,4,'',1,1500,4,'',1,5500,4,'',1,1500,4,'',1,1500,4,'',1,1500,4,'',1,5500,4,'',1,1500,4,'',1,1500,4,'',1,1100,4,'',1,1560,4,'',1,5500,4,'',1,1500,4,'',1,1500,4,'',1,1500,4,'',1,5500,4,'',1,1500,4,'',1,1500,4,'',1,1500,4,'',1,5500,4,'',1,1500,4,'',1,1500,4,'',1,900,4,'',1,5500,4,'',1,1500,4,'',1,1500,4,'',1,1500,4,'',1,5500,4,'',1,1500,4,'',1,1500,4,'',1,1500,4,'',1,5500,4,'',1,1700,4,'',1,1700,4,'',1
'2',98501,73710,4,'',1,1100,4,'',1,5500,4,'',1,1500,4,'',1,1500,4,'',1,1500,4,'',1,5500,4,'',1,1500,4,'',1,1500,4,'',1,1500,4,'',1,5500,4,'',1,1500,4,'',1,1500,4,'',1,1500,4,'',1,5500,4,'',1,1100,4,'',1,1500,4,'',1,1500,4,'',1,1500,4,'',1,5300,4,'',1,1340,4,'',1,1200,4,'',1,1300,4,'',1,5200,4,'',1,1300,4,'',1,1200,4,'',1,1300,4,'',1,1200,4,'',1,5300,4,'',1,1200,4,'',1,1300,4,'',1,1200,4,'',1,1300,4,'',1,5200,4,'',1,1300,4,'',1,1200,4,'',1,1300,4,'',1,1200,4,'',1,5300,4,'',1,1200,4,'',1,1300,4,'',1,1200,4,'',1,5300,4,'',1,1200,4,'',1,1300,4,'',1,1200,4,'',1,1300,4,'',1,5200,4,'',1,900,4,'',1,900,4,'',1,1300,4,'',1,1200,4,'',1,1300,4,'',1,5200,4,'',1,760,4,'',1,1200,4,'',1,1300,4,'',1,1300,4,'',1,5200,4,'',1,1200,4,'',1,1300,4,'',1,1200,4,'',1,1300,4,'',1,5200,4,'',1,1300,4,'',1,1200,4,'',1,1300,4,'',1,5200,4,'',1,1300,4,'',1,1200,4,'',1,700,4,'',1,1500,4,'',1,5500,4,'',1,1500,4,'',1,1500,4,'',1,1500,4,'',1,5500,4,'',1,1500,4,'',1,1500,4,'',1,1500,4,'',1,5500,4,'',1,1500,4,'',1,2100,4,'',1
'3',98501,83810,4,'',1,1000,4,'',1,1000,4,'',1,5300,4,'',1,1200,4,'',1,1300,4,'',1,1240,4,'',1,5300,4,'',1,1200,4,'',1,1300,4,'',1,1200,4,'',1,1300,4,'',1,5200,4,'',1,1300,4,'',1,1200,4,'',1,1300,4,'',1,1200,4,'',1,5300,4,'',1,1200,4,'',1,1200,4,'',1,1100,4,'',1,1300,4,'',1,5200,4,'',1,1560,4,'',1,1200,4,'',1,1300,4,'',1,1200,4,'',1,5300,4,'',1,1200,4,'',1,1300,4,'',1,1200,4,'',1,5300,4,'',1,1200,4,'',1,1300,4,'',1,1200,4,'',1,1300,4,'',1,5200,4,'',1,1300,4,'',1,1200,4,'',1,1300,4,'',1,1200,4,'',1,5300,4,'',1,1200,4,'',1,1300,4,'',1,1200,4,'',1,1300,4,'',1,5200,4,'',1,1300,4,'',1,1200,4,'',1,1300,4,'',1,1200,4,'',1,5300,4,'',1,1200,4,'',1,1300,4,'',1,1200,4,'',1,5300,4,'',1,1200,4,'',1,1300,4,'',1,1200,4,'',1,700,4,'',1,5500,4,'',1,1500,4,'',1,1500,4,'',1,1500,4,'',1,5500,4,'',1,1500,4,'',1,1400,4,'',1,1500,4,'',1,5500,4,'',1,1500,4,'',1,1500,4,'',1,1500,4,'',1,5500,4,'',1,1500,4,'',1,1500,4,'',1,1500,4,'',1,5500,4,'',1,1500,4,'',1,2300,4,'',1
'4',98501,83810,4,'',1,1000,4,'',1,1000,4,'',1,5300,4,'',1,1200,4,'',1,1300,4,'',1,1240,4,'',1,5300,4,'',1,1200,4,'',1,1300,4,'',1,1200,4,'',1,1300,4,'',1,5200,4,'',1,1300,4,'',1,1200,4,'',1,1300,4,'',1,1200,4,'',1,5300,4,'',1,1200,4,'',1,1200,4,'',1,1100,4,'',1,1300,4,'',1,5200,4,'',1,1560,4,'',1,1200,4,'',1,1300,4,'',1,1200,4,'',1,5300,4,'',1,1200,4,'',1,1300,4,'',1,1200,4,'',1,5300,4,'',1,1200,4,'',1,1300,4,'',1,1200,4,'',1,1300,4,'',1,5200,4,'',1,1300,4,'',1,1200,4,'',1,1300,4,'',1,1200,4,'',1,5300,4,'',1,1200,4,'',1,1300,4,'',1,1200,4,'',1,1300,4,'',1,5200,4,'',1,1300,4,'',1,1200,4,'',1,1300,4,'',1,1200,4,'',1,5300,4,'',1,1200,4,'',1,1300,4,'',1,1200,4,'',1,5300,4,'',1,1200,4,'',1,1300,4,'',1,1200,4,'',1,700,4,'',1,5500,4,'',1,1500,4,'',1,1500,4,'',1,1500,4,'',1,5500,4,'',1,1500,4,'',1,1400,4,'',1,1500,4,'',1,5500,4,'',1,1500,4,'',1,1500,4,'',1,1500,4,'',1,5500,4,'',1,1500,4,'',1,1500,4,'',1,1500,4,'',1,5500,4,'',1,1500,4,'',1,2300,4,'',1
