'2',9601,261950,4,'',1
'3',9601,53030,4,'',1,1800,4,'',1,5800,4,'',1,2020,4,'',1,2700,4,'',1,6400,4,'',1
'6',9601,53030,4,'',1,1800,4,'',1,5800,4,'',1,2020,4,'',1,2700,4,'',1,6400,4,'',1
'7',9601,53030,4,'',1,1800,4,'',1,5800,4,'',1,2020,4,'',1,2700,4,'',1,6400,4,'',1
'1',16501,261330,4,'',1,1500,4,'',1
'2',16501,261830,4,'',1,1500,4,'',1,1500,4,'',1
'1',39601,50830,4,'',1,204000,4,'',1,6000,4,'',1,2000,4,'',1,2000,4,'',1,6000,4,'',1,2000,4,'',1,2000,4,'',1,6000,4,'',1,2000,4,'',1,2000,4,'',1
'2',39601,50830,4,'',1,204000,4,'',1,6000,4,'',1,2000,4,'',1,2000,4,'',1,6000,4,'',1,2000,4,'',1,2000,4,'',1,6000,4,'',1,2000,4,'',1,2000,4,'',1
'3',39601,50830,4,'',1,204000,4,'',1,6000,4,'',1,2000,4,'',1,2000,4,'',1,6000,4,'',1,2000,4,'',1,2000,4,'',1,6000,4,'',1,2000,4,'',1,2000,4,'',1
'4',39601,50830,4,'',1,204000,4,'',1,6000,4,'',1,2000,4,'',1,2000,4,'',1,6000,4,'',1,2000,4,'',1,2000,4,'',1,6000,4,'',1,2000,4,'',1,2000,4,'',1
'6',39601,50830,4,'',1,222000,4,'',1,2000,4,'',1,6000,4,'',1,2000,4,'',1,2000,4,'',1
'7',39601,50830,4,'',1,204000,4,'',1,6000,4,'',1,2000,4,'',1,2000,4,'',1,6000,4,'',1,2000,4,'',1,2000,4,'',1,6000,4,'',1,2000,4,'',1,2000,4,'',1
'1',99601,51500,0,'Scarborough Ctr Sta',1,800,0,'Scarborough Ctr Sta',1
