703,1,'N',7
704,1,'S',7
803,1,'N',8
804,1,'S',8
903,1,'N',9
904,1,'S',9
1001,1,'E',10
1002,1,'W',10
1103,1,'N',11
1104,1,'S',11
1201,1,'E',12
1202,1,'W',12
1303,1,'N',13
1304,1,'S',13
1401,1,'E',14
1402,1,'W',14
1501,1,'E',15
1502,1,'W',15
1603,1,'N',16
1604,1,'S',16
1703,1,'N',17
1704,1,'S',17
1903,1,'N',19
1904,1,'S',19
2001,1,'E',20
2002,1,'W',20
2103,1,'N',21
2104,1,'S',21
2203,1,'N',22
2204,1,'S',22
2303,1,'N',23
2304,1,'S',23
2403,1,'N',24
2404,1,'S',24
2503,1,'N',25
2504,1,'S',25
2601,1,'E',26
2602,1,'W',26
2801,1,'E',28
2802,1,'W',28
2903,1,'N',29
2904,1,'S',29
3003,1,'N',30
3004,1,'S',30
3103,1,'N',31
3104,1,'S',31
3201,1,'E',32
3202,1,'W',32
3303,1,'N',33
3304,1,'S',33
3401,1,'E',34
3402,1,'W',34
3503,1,'N',35
3504,1,'S',35
3601,1,'E',36
3602,1,'W',36
3703,1,'N',37
3704,1,'S',37
3801,1,'E',38
3802,1,'W',38
3901,1,'E',39
3902,1,'W',39
4001,1,'E',40
4002,1,'W',40
4103,1,'N',41
4104,1,'S',41
4201,1,'E',42
4202,1,'W',42
4303,1,'N',43
4304,1,'S',43
4403,1,'N',44
4404,1,'S',44
4503,1,'N',45
4504,1,'S',45
4603,1,'N',46
4604,1,'S',46
4703,1,'N',47
4704,1,'S',47
4801,1,'E',48
4802,1,'W',48
4901,1,'E',49
4902,1,'W',49
5001,1,'E',50
5002,1,'W',50
5103,1,'N',51
5104,1,'S',51
5201,1,'E',52
5202,1,'W',52
5301,1,'E',53
5302,1,'W',53
5401,1,'E',54
5402,1,'W',54
5503,1,'N',55
5504,1,'S',55
5603,1,'N',56
5604,1,'S',56
5703,1,'N',57
5704,1,'S',57
5901,1,'E',59
5902,1,'W',59
6001,1,'E',60
6002,1,'W',60
6103,1,'N',61
6104,1,'S',61
6201,1,'E',62
6202,1,'W',62
6303,1,'N',63
6304,1,'S',63
6403,1,'N',64
6404,1,'S',64
6503,1,'N',65
6504,1,'S',65
6603,1,'N',66
6604,1,'S',66
6703,1,'N',67
6704,1,'S',67
6803,1,'N',68
6804,1,'S',68
6903,1,'N',69
6904,1,'S',69
7001,1,'E',70
7002,1,'W',70
7103,1,'N',71
7104,1,'S',71
7203,1,'N',72
7204,1,'S',72
7303,1,'N',73
7304,1,'S',73
7403,1,'N',74
7404,1,'S',74
7503,1,'N',75
7504,1,'S',75
7603,1,'N',76
7604,1,'S',76
7703,1,'N',77
7704,1,'S',77
7801,1,'E',78
7802,1,'W',78
7903,1,'N',79
7904,1,'S',79
8001,1,'E',80
8002,1,'W',80
8103,1,'N',81
8104,1,'S',81
8201,1,'E',82
8202,1,'W',82
8303,1,'N',83
8304,1,'S',83
8401,1,'E',84
8402,1,'W',84
8501,1,'E',85
8502,1,'W',85
8601,1,'E',86
8602,1,'W',86
8701,1,'E',87
8702,1,'W',87
8801,1,'E',88
8802,1,'W',88
8903,1,'N',89
8904,1,'S',89
9003,1,'N',90
9004,1,'S',90
9103,1,'N',91
9104,1,'S',91
9203,1,'N',92
9204,1,'S',92
9303,1,'N',93
9304,1,'S',93
9401,1,'E',94
9402,1,'W',94
9501,1,'E',95
9502,1,'W',95
9601,1,'E',96
9602,1,'W',96
9703,1,'N',97
9704,1,'S',97
9801,1,'E',98
9802,1,'W',98
9903,1,'N',99
9904,1,'S',99
10003,1,'N',100
10004,1,'S',100
10101,1,'E',101
10102,1,'W',101
10203,1,'N',102
10204,1,'S',102
10403,1,'N',104
10404,1,'S',104
10503,1,'N',105
10504,1,'S',105
10601,1,'E',106
10602,1,'W',106
10703,1,'N',107
10704,1,'S',107
10801,1,'E',108
10802,1,'W',108
10903,1,'N',109
10904,1,'S',109
11003,1,'N',110
11004,1,'S',110
11103,1,'N',111
11104,1,'S',111
11203,1,'N',112
11204,1,'S',112
11301,1,'E',113
11302,1,'W',113
11501,1,'E',115
11502,1,'W',115
11601,1,'E',116
11602,1,'W',116
11801,1,'E',118
11802,1,'W',118
11901,1,'E',119
11902,1,'W',119
12001,1,'E',120
12002,1,'W',120
12101,1,'E',121
12102,1,'W',121
12201,1,'E',122
12202,1,'W',122
12303,1,'N',123
12304,1,'S',123
12401,1,'E',124
12402,1,'W',124
12501,1,'E',125
12502,1,'W',125
12603,1,'N',126
12604,1,'S',126
12701,1,'E',127
12702,1,'W',127
12903,1,'N',129
12904,1,'S',129
13003,1,'N',130
13004,1,'S',130
13101,1,'E',131
13102,1,'W',131
13201,1,'E',132
13202,1,'W',132
13303,1,'N',133
13304,1,'S',133
13403,1,'N',134
13404,1,'S',134
13501,1,'E',135
13502,1,'W',135
16003,1,'N',160
16004,1,'S',160
16101,1,'E',161
16102,1,'W',161
16201,1,'E',162
16202,1,'W',162
16501,1,'E',165
16502,1,'W',165
16703,1,'N',167
16704,1,'S',167
16803,1,'N',168
16804,1,'S',168
16901,1,'E',169
16902,1,'W',169
17103,1,'N',171
17104,1,'S',171
17503,1,'N',175
17504,1,'S',175
18901,1,'E',189
18902,1,'W',189
30001,1,'E',300
30002,1,'W',300
30203,1,'N',302
30204,1,'S',302
30703,1,'N',307
30704,1,'S',307
31201,1,'E',312
31202,1,'W',312
31501,1,'E',315
31502,1,'W',315
32003,1,'N',320
32004,1,'S',320
32201,1,'E',322
32202,1,'W',322
32403,1,'N',324
32404,1,'S',324
32503,1,'N',325
32504,1,'S',325
32903,1,'N',329
32904,1,'S',329
33201,1,'E',332
33202,1,'W',332
33401,1,'E',334
33402,1,'W',334
33503,1,'N',335
33504,1,'S',335
33601,1,'E',336
33602,1,'W',336
33703,1,'N',337
33704,1,'S',337
33901,1,'E',339
33902,1,'W',339
34103,1,'N',341
34104,1,'S',341
34303,1,'N',343
34304,1,'S',343
35201,1,'E',352
35202,1,'W',352
35301,1,'E',353
35302,1,'W',353
35401,1,'E',354
35402,1,'W',354
36303,1,'N',363
36304,1,'S',363
36503,1,'N',365
36504,1,'S',365
38401,1,'E',384
38402,1,'W',384
38501,1,'E',385
38502,1,'W',385
39501,1,'E',395
39502,1,'W',395
39601,1,'E',396
39602,1,'W',396
40001,1,'E',400
40002,1,'W',400
40203,1,'N',402
40204,1,'S',402
40303,1,'N',403
40304,1,'S',403
40401,1,'E',404
40402,1,'W',404
40501,1,'E',405
40502,1,'W',405
90003,1,'N',900
90004,1,'S',900
90203,1,'N',902
90204,1,'S',902
90501,1,'E',905
90502,1,'W',905
91301,1,'E',913
91302,1,'W',913
92403,1,'N',924
92404,1,'S',924
92503,1,'N',925
92504,1,'S',925
92703,1,'N',927
92704,1,'S',927
92903,1,'N',929
92904,1,'S',929
93503,1,'N',935
93504,1,'S',935
93703,1,'N',937
93704,1,'S',937
93801,1,'E',938
93802,1,'W',938
93901,1,'E',939
93902,1,'W',939
94103,1,'N',941
94104,1,'S',941
94303,1,'N',943
94304,1,'S',943
94403,1,'N',944
94404,1,'S',944
94503,1,'N',945
94504,1,'S',945
95201,1,'E',952
95202,1,'W',952
95301,1,'E',953
95302,1,'W',953
95401,1,'E',954
95402,1,'W',954
96001,1,'E',960
96002,1,'W',960
96803,1,'N',968
96804,1,'S',968
98401,1,'E',984
98402,1,'W',984
98501,1,'E',985
98502,1,'W',985
98601,1,'E',986
98602,1,'W',986
98903,1,'N',989
98904,1,'S',989
99501,1,'E',995
99502,1,'W',995
99601,1,'E',996
99602,1,'W',996
