'1',30704,255250,0,'Exhibition',1,7000,0,'Exhibition',1,3000,0,'Exhibition',1,7000,0,'Exhibition',1,3000,0,'Exhibition',1,7000,0,'Exhibition',1,3000,0,'Exhibition',1
'2',30704,255450,0,'Exhibition',1,6000,0,'Exhibition',1,2000,0,'Exhibition',1,2000,0,'Exhibition',1,6000,0,'Exhibition',1,2000,0,'Exhibition',1,2000,0,'Exhibition',1,6000,0,'Exhibition',1,2000,0,'Exhibition',1,2000,0,'Exhibition',1
'3',30704,52250,0,'Exhibition',1,3000,0,'Exhibition',1,7000,0,'Exhibition',1,1500,0,'Exhibition',1,1500,0,'Exhibition',1,5500,0,'Exhibition',1,1200,0,'Exhibition',1,1200,0,'Exhibition',1,1200,0,'Exhibition',1,1200,0,'Exhibition',1,179700,0,'Exhibition',1,7000,0,'Exhibition',1,3000,0,'Exhibition',1,7000,0,'Exhibition',1,3000,0,'Exhibition',1,7000,0,'Exhibition',1,3000,0,'Exhibition',1
'4',30704,255250,0,'Exhibition',1,7000,0,'Exhibition',1,3000,0,'Exhibition',1,7000,0,'Exhibition',1,3000,0,'Exhibition',1,7000,0,'Exhibition',1,3000,0,'Exhibition',1
'1',36304,263510,0,'Exhibition',1,2400,0,'Exhibition',1,7000,0,'Exhibition',1,3000,0,'Exhibition',1,7000,0,'Exhibition',1,3000,0,'Exhibition',1
'2',36304,263510,0,'Exhibition',1,2400,0,'Exhibition',1,7000,0,'Exhibition',1,3000,0,'Exhibition',1,7000,0,'Exhibition',1,3000,0,'Exhibition',1
'3',36304,263510,0,'Exhibition',1,2400,0,'Exhibition',1,7000,0,'Exhibition',1,3000,0,'Exhibition',1,7000,0,'Exhibition',1,3000,0,'Exhibition',1
'4',36304,263510,0,'Exhibition',1,2400,0,'Exhibition',1,7000,0,'Exhibition',1,3000,0,'Exhibition',1,7000,0,'Exhibition',1,3000,0,'Exhibition',1
'1',92904,65150,4,'',1,5000,4,'',1,1000,4,'',1,900,4,'',1,900,4,'',1,800,4,'',1,600,4,'',1,800,4,'',1,800,4,'',1,4800,4,'',1,800,4,'',1,800,4,'',1,800,4,'',1,800,4,'',1,800,4,'',1,800,4,'',1,4800,4,'',1,780,4,'',1,800,4,'',1,800,4,'',1,700,4,'',1,700,4,'',1,700,4,'',1,5600,4,'',1,800,4,'',1,800,4,'',1,800,4,'',1,800,4,'',1,800,4,'',1,800,4,'',1,4800,4,'',1,800,4,'',1,800,4,'',1,800,4,'',1,800,4,'',1,800,4,'',1,800,4,'',1,800,4,'',1,4800,4,'',1,800,4,'',1,800,4,'',1,800,4,'',1,800,4,'',1,800,4,'',1,800,4,'',1,4800,4,'',1,800,4,'',1,800,4,'',1,800,4,'',1,800,4,'',1,800,4,'',1,800,4,'',1,800,4,'',1,4800,4,'',1,800,4,'',1,800,4,'',1,800,4,'',1,800,4,'',1,800,4,'',1,800,4,'',1,4800,4,'',1,500,4,'',1,900,4,'',1,800,4,'',1,800,4,'',1,900,4,'',1,400,4,'',1,1100,4,'',1,4600,4,'',1,1000,4,'',1,800,4,'',1,800,4,'',1,800,4,'',1,800,4,'',1,800,4,'',1,800,4,'',1,4800,4,'',1,800,4,'',1,800,4,'',1,800,4,'',1,800,4,'',1,800,4,'',1,800,4,'',1,4800,4,'',1,800,4,'',1,800,4,'',1,800,4,'',1,800,4,'',1,800,4,'',1,800,4,'',1,800,4,'',1,4800,4,'',1,520,4,'',1,700,4,'',1,600,4,'',1,700,4,'',1,800,4,'',1,200,4,'',1,800,4,'',1,600,4,'',1,4800,4,'',1,800,4,'',1,800,4,'',1,800,4,'',1,800,4,'',1,800,4,'',1,800,4,'',1,800,4,'',1,4800,4,'',1,800,4,'',1,800,4,'',1,800,4,'',1,800,4,'',1,800,4,'',1,800,4,'',1,4800,4,'',1,590,4,'',1,700,4,'',1,700,4,'',1,1100,4,'',1
'2',92904,85010,4,'',1,5200,4,'',1,800,4,'',1,800,4,'',1,800,4,'',1,800,4,'',1,800,4,'',1,800,4,'',1,800,4,'',1,4800,4,'',1,800,4,'',1,800,4,'',1,800,4,'',1,800,4,'',1,800,4,'',1,800,4,'',1,4800,4,'',1,800,4,'',1,800,4,'',1,800,4,'',1,800,4,'',1,800,4,'',1,1600,4,'',1,4800,4,'',1,800,4,'',1,700,4,'',1,800,4,'',1,1500,4,'',1,800,4,'',1,5000,4,'',1,900,4,'',1,900,4,'',1,900,4,'',1,900,4,'',1,900,4,'',1,900,4,'',1,4900,4,'',1,900,4,'',1,900,4,'',1,900,4,'',1,900,4,'',1,900,4,'',1,900,4,'',1,4900,4,'',1,900,4,'',1,900,4,'',1,900,4,'',1,900,4,'',1,900,4,'',1,4900,4,'',1,900,4,'',1,900,4,'',1,900,4,'',1,900,4,'',1,900,4,'',1,900,4,'',1,4900,4,'',1,900,4,'',1,900,4,'',1,900,4,'',1,900,4,'',1,900,4,'',1,900,4,'',1,4900,4,'',1,900,4,'',1,900,4,'',1,900,4,'',1,900,4,'',1,900,4,'',1,4900,4,'',1,700,4,'',1,900,4,'',1,800,4,'',1,900,4,'',1,900,4,'',1,700,4,'',1
'3',92904,84550,4,'',1,1000,4,'',1,4900,4,'',1,900,4,'',1,900,4,'',1,900,4,'',1,900,4,'',1,900,4,'',1,900,4,'',1,4900,4,'',1,900,4,'',1,900,4,'',1,900,4,'',1,900,4,'',1,900,4,'',1,4900,4,'',1,900,4,'',1,900,4,'',1,900,4,'',1,900,4,'',1,900,4,'',1,900,4,'',1,4900,4,'',1,980,4,'',1,900,4,'',1,900,4,'',1,900,4,'',1,1100,4,'',1,5000,4,'',1,1000,4,'',1,1000,4,'',1,1000,4,'',1,1000,4,'',1,1000,4,'',1,5000,4,'',1,1000,4,'',1,1000,4,'',1,1000,4,'',1,1000,4,'',1,1000,4,'',1,5000,4,'',1,1000,4,'',1,1000,4,'',1,1000,4,'',1,1000,4,'',1,1000,4,'',1,5000,4,'',1,1000,4,'',1,1000,4,'',1,1000,4,'',1,1000,4,'',1,1000,4,'',1,5000,4,'',1,1000,4,'',1,1000,4,'',1,1000,4,'',1,1000,4,'',1,1000,4,'',1,5000,4,'',1,1000,4,'',1,1000,4,'',1,1000,4,'',1,1000,4,'',1,1000,4,'',1,5000,4,'',1,880,4,'',1,1000,4,'',1,1000,4,'',1,1300,4,'',1
'4',92904,84550,4,'',1,1000,4,'',1,4900,4,'',1,900,4,'',1,900,4,'',1,900,4,'',1,900,4,'',1,900,4,'',1,900,4,'',1,4900,4,'',1,900,4,'',1,900,4,'',1,900,4,'',1,900,4,'',1,900,4,'',1,4900,4,'',1,900,4,'',1,900,4,'',1,900,4,'',1,900,4,'',1,900,4,'',1,900,4,'',1,4900,4,'',1,980,4,'',1,900,4,'',1,900,4,'',1,900,4,'',1,1100,4,'',1,5000,4,'',1,1000,4,'',1,1000,4,'',1,1000,4,'',1,1000,4,'',1,1000,4,'',1,5000,4,'',1,1000,4,'',1,1000,4,'',1,1000,4,'',1,1000,4,'',1,1000,4,'',1,5000,4,'',1,1000,4,'',1,1000,4,'',1,1000,4,'',1,1000,4,'',1,1000,4,'',1,5000,4,'',1,1000,4,'',1,1000,4,'',1,1000,4,'',1,1000,4,'',1,1000,4,'',1,5000,4,'',1,1000,4,'',1,1000,4,'',1,1000,4,'',1,1000,4,'',1,1000,4,'',1,5000,4,'',1,1000,4,'',1,1000,4,'',1,1000,4,'',1,1000,4,'',1,1000,4,'',1,5000,4,'',1,880,4,'',1,1000,4,'',1,1000,4,'',1,1300,4,'',1
