'2',5302,52710,0,'Finch Sta',1,1800,0,'Finch Sta',1,700,0,'Finch Sta',1,5000,0,'Finch Sta',1,1000,0,'Finch Sta',1,1000,0,'Finch Sta',1,1000,0,'Finch Sta',1
'1',9801,60900,4,'',1,2100,4,'',1,2300,4,'',1,6000,4,'',1,2000,4,'',1,2000,4,'',1,6000,4,'',1,2000,4,'',1,2100,4,'',1,6000,4,'',1,1700,4,'',1,2100,4,'',1,6500,4,'',1,2500,4,'',1,6500,4,'',1,2500,4,'',1,2500,4,'',1,6500,4,'',1,2500,4,'',1,6500,4,'',1,2500,4,'',1,6500,4,'',1,2500,4,'',1,2500,4,'',1,6800,4,'',1,2700,4,'',1,6800,4,'',1,2000,4,'',1,2000,4,'',1,6000,4,'',1,2000,4,'',1,2000,4,'',1,6000,4,'',1,2000,4,'',1,2000,4,'',1,5600,4,'',1,2000,4,'',1,2400,4,'',1,6600,4,'',1,2200,4,'',1,6200,4,'',1,2200,4,'',1,2200,4,'',1,6200,4,'',1,2000,4,'',1,2200,4,'',1,6200,4,'',1,2200,4,'',1,2200,4,'',1,6200,4,'',1,1900,4,'',1,6000,4,'',1,3000,4,'',1
'1',9802,61400,0,'Peckham',1,2100,0,'Peckham',1,2000,0,'Peckham',1,6000,0,'Peckham',1,2000,0,'Peckham',1,2000,0,'Peckham',1,6000,0,'Peckham',1,2500,0,'Peckham',1,6500,0,'Peckham',1,2600,0,'Peckham',1,2600,0,'Peckham',1,6500,0,'Peckham',1,2500,0,'Peckham',1,6500,0,'Peckham',1,2500,0,'Peckham',1,6500,0,'Peckham',1,2500,0,'Peckham',1,2500,0,'Peckham',1,6500,0,'Peckham',1,2500,0,'Peckham',1,6500,0,'Peckham',1,2300,0,'Peckham',1,2500,0,'Peckham',1,6000,0,'Peckham',1,2000,0,'Peckham',1,2000,0,'Peckham',1,6000,0,'Peckham',1,2000,0,'Peckham',1,2000,0,'Peckham',1,6000,0,'Peckham',1,2000,0,'Peckham',1,2000,0,'Peckham',1,6200,0,'Peckham',1,2400,0,'Peckham',1,1400,0,'B Sheppard-Yonge Sta',1,5700,0,'Peckham',1,2400,0,'Peckham',1,6400,0,'Peckham',1,2200,0,'Peckham',1,2200,0,'Peckham',1,6200,0,'Peckham',1,2200,0,'Peckham',1,2200,0,'Peckham',1,6200,0,'Peckham',1,2200,0,'Peckham',1,2200,0,'Peckham',1,6200,0,'Peckham',1,2200,0,'Peckham',1,6000,0,'Peckham',1,3000,0,'Peckham',1,7000,0,'Peckham',1
'2',9801,63000,4,'',1,7000,4,'',1,3000,4,'',1,7000,4,'',1,3000,4,'',1,7000,4,'',1,3000,4,'',1,7000,4,'',1,3000,4,'',1,7000,4,'',1,3000,4,'',1,7000,4,'',1,3000,4,'',1,7000,4,'',1,3000,4,'',1,7000,4,'',1,3000,4,'',1,7000,4,'',1,3000,4,'',1,7000,4,'',1,3000,4,'',1,7000,4,'',1,3000,4,'',1,7000,4,'',1,3000,4,'',1,7000,4,'',1,3000,4,'',1,7000,4,'',1,3000,4,'',1,7000,4,'',1,3000,4,'',1,7000,4,'',1,3000,4,'',1,7000,4,'',1,3000,4,'',1,7000,4,'',1,3000,4,'',1,7000,4,'',1,3000,4,'',1
'2',9802,60000,0,'Peckham',1,3000,0,'Peckham',1,7000,0,'Peckham',1,3000,0,'Peckham',1,7000,0,'Peckham',1,3000,0,'Peckham',1,7000,0,'Peckham',1,3000,0,'Peckham',1,7000,0,'Peckham',1,3000,0,'Peckham',1,7000,0,'Peckham',1,3000,0,'Peckham',1,7000,0,'Peckham',1,3000,0,'Peckham',1,7000,0,'Peckham',1,3000,0,'Peckham',1,7000,0,'Peckham',1,3000,0,'Peckham',1,7000,0,'Peckham',1,3000,0,'Peckham',1,7000,0,'Peckham',1,3000,0,'Peckham',1,7000,0,'Peckham',1,3000,0,'Peckham',1,7000,0,'Peckham',1,3000,0,'Peckham',1,7000,0,'Peckham',1,3000,0,'Peckham',1,7000,0,'Peckham',1,3000,0,'Peckham',1,7000,0,'Peckham',1,3000,0,'Peckham',1,7000,0,'Peckham',1,3000,0,'Peckham',1,7000,0,'Peckham',1,3000,0,'Peckham',1,7000,0,'Peckham',1,3000,0,'Peckham',1,7000,0,'Peckham',1
'3',9801,83000,4,'',1,7000,4,'',1,3000,4,'',1,7000,4,'',1,3000,4,'',1,7000,4,'',1,3000,4,'',1,7000,4,'',1,3000,4,'',1,7000,4,'',1,3000,4,'',1,7000,4,'',1,3000,4,'',1,7000,4,'',1,3000,4,'',1,7000,4,'',1,3000,4,'',1,7000,4,'',1,3000,4,'',1,7000,4,'',1,3000,4,'',1,7000,4,'',1,3000,4,'',1,7000,4,'',1,3000,4,'',1,7000,4,'',1,3000,4,'',1,7000,4,'',1,3000,4,'',1,7000,4,'',1,3000,4,'',1,7000,4,'',1,3000,4,'',1,7000,4,'',1,3000,4,'',1
'3',9802,80000,0,'Peckham',1,3000,0,'Peckham',1,7000,0,'Peckham',1,3000,0,'Peckham',1,7000,0,'Peckham',1,3000,0,'Peckham',1,7000,0,'Peckham',1,3000,0,'Peckham',1,7000,0,'Peckham',1,3000,0,'Peckham',1,7000,0,'Peckham',1,3000,0,'Peckham',1,7000,0,'Peckham',1,3000,0,'Peckham',1,7000,0,'Peckham',1,3000,0,'Peckham',1,7000,0,'Peckham',1,3000,0,'Peckham',1,7000,0,'Peckham',1,3000,0,'Peckham',1,7000,0,'Peckham',1,3000,0,'Peckham',1,7000,0,'Peckham',1,3000,0,'Peckham',1,7000,0,'Peckham',1,3000,0,'Peckham',1,7000,0,'Peckham',1,3000,0,'Peckham',1,7000,0,'Peckham',1,3000,0,'Peckham',1,7000,0,'Peckham',1,3000,0,'Peckham',1,7000,0,'Peckham',1,3000,0,'Peckham',1,7000,0,'Peckham',1
'1',32003,261400,4,'',1,500,4,'',1,500,4,'',1,500,4,'',1,500,4,'',1,300,4,'',1,500,4,'',1,500,4,'',1,500,4,'',1,500,4,'',1,4500,4,'',1,500,4,'',1,500,4,'',1,500,4,'',1,500,4,'',1,500,4,'',1,500,4,'',1,500,4,'',1,500,4,'',1,500,4,'',1,500,4,'',1,500,4,'',1,4500,4,'',1,500,4,'',1,500,4,'',1,500,4,'',1,500,4,'',1,500,4,'',1,500,4,'',1,500,4,'',1,500,4,'',1,500,4,'',1,1000,4,'',1,5500,4,'',1,1500,4,'',1,1500,4,'',1
'1',32004,41500,0,'Queens Quay',1,1500,0,'Queens Quay',1,1500,0,'Queens Quay',1,700,0,'Queens Quay',1,4800,0,'Queens Quay',1,700,0,'Queens Quay',1,800,0,'Queens Quay',1,700,0,'S Davisville Sta',1,800,0,'S Yonge',1,208500,0,'Queens Quay',1,500,0,'Queens Quay',1,500,0,'Queens Quay',1,500,0,'Queens Quay',1,500,0,'Queens Quay',1,500,0,'Queens Quay',1,500,0,'Queens Quay',1,500,0,'Queens Quay',1,500,0,'Queens Quay',1,4500,0,'Queens Quay',1,500,0,'Queens Quay',1,500,0,'Queens Quay',1,500,0,'Queens Quay',1,500,0,'Queens Quay',1,1000,0,'Queens Quay',1,1500,0,'Queens Quay',1,5500,0,'Queens Quay',1
'2',32003,261500,4,'',1,500,4,'',1,500,4,'',1,500,4,'',1,500,4,'',1,400,4,'',1,500,4,'',1,500,4,'',1,500,4,'',1,500,4,'',1,4500,4,'',1,500,4,'',1,500,4,'',1,500,4,'',1,500,4,'',1,500,4,'',1,500,4,'',1,500,4,'',1,500,4,'',1,500,4,'',1,500,4,'',1,500,4,'',1,4500,4,'',1,500,4,'',1,500,4,'',1,500,4,'',1,500,4,'',1,500,4,'',1,500,4,'',1,500,4,'',1,500,4,'',1,500,4,'',1,700,4,'',1,5500,4,'',1,1500,4,'',1,1500,4,'',1
'2',32004,41500,0,'Queens Quay',1,1500,0,'Queens Quay',1,1500,0,'Queens Quay',1,5500,0,'Queens Quay',1,1500,0,'Queens Quay',1,1500,0,'Queens Quay',1,1500,0,'S Yonge',1,207000,0,'Queens Quay',1,500,0,'Queens Quay',1,500,0,'Queens Quay',1,500,0,'Queens Quay',1,500,0,'Queens Quay',1,500,0,'Queens Quay',1,500,0,'Queens Quay',1,500,0,'Queens Quay',1,500,0,'Queens Quay',1,4500,0,'Queens Quay',1,500,0,'Queens Quay',1,500,0,'Queens Quay',1,500,0,'Queens Quay',1,500,0,'Queens Quay',1,1000,0,'Queens Quay',1,1500,0,'Queens Quay',1,5500,0,'Queens Quay',1
'3',32003,55700,4,'',1,5500,4,'',1,1500,4,'',1,1500,4,'',1,800,4,'',1,400,4,'',1,300,4,'',1,4400,4,'',1,300,4,'',1,400,4,'',1,300,4,'',1,400,4,'',1,300,4,'',1,400,4,'',1,300,4,'',1,400,4,'',1,300,4,'',1,400,4,'',1,300,4,'',1,400,4,'',1,300,4,'',1,400,4,'',1,300,4,'',1,400,4,'',1,4300,4,'',1,2000,4,'',1,2100,4,'',1,300,4,'',1,400,4,'',1,1000,4,'',1,4400,4,'',1,300,4,'',1,169700,4,'',1,700,4,'',1,800,4,'',1,700,4,'',1,800,4,'',1,700,4,'',1,600,4,'',1,700,4,'',1,4800,4,'',1,700,4,'',1,800,4,'',1,700,4,'',1,800,4,'',1,700,4,'',1,800,4,'',1,700,4,'',1,4800,4,'',1,700,4,'',1,800,4,'',1,1200,4,'',1,1500,4,'',1,1500,4,'',1,5500,4,'',1,1500,4,'',1,1500,4,'',1
'3',32004,41500,0,'Queens Quay',1,1500,0,'Queens Quay',1,1500,0,'Queens Quay',1,5500,0,'Queens Quay',1,1500,0,'Queens Quay',1,1500,0,'Queens Quay',1,1500,0,'Queens Quay',1,5500,0,'Queens Quay',1,800,0,'Queens Quay',1,300,0,'Queens Quay',1,400,0,'Queens Quay',1,300,0,'Queens Quay',1,400,0,'Queens Quay',1,300,0,'Queens Quay',1,400,0,'Queens Quay',1,300,0,'Queens Quay',1,400,0,'Queens Quay',1,300,0,'Queens Quay',1,400,0,'Queens Quay',1,300,0,'Queens Quay',1,400,0,'Queens Quay',1,300,0,'Queens Quay',1,400,0,'Queens Quay',1,4300,0,'Queens Quay',1,400,0,'Queens Quay',1,300,0,'Queens Quay',1,400,0,'Queens Quay',1,300,0,'Queens Quay',1,400,0,'Queens Quay',1,300,0,'Queens Quay',1,400,0,'Queens Quay',1,300,0,'Queens Quay',1,400,0,'Queens Quay',1,300,0,'Queens Quay',1,400,0,'Queens Quay',1,300,0,'S Eglinton Sta',1,400,0,'Queens Quay',1,300,0,'S Yonge',1,400,0,'S Yonge',1,300,0,'S Yonge',1,4700,0,'S Yonge',1,180200,0,'Queens Quay',1,700,0,'Queens Quay',1,800,0,'Queens Quay',1,700,0,'Queens Quay',1,800,0,'Queens Quay',1,1500,0,'Queens Quay',1,5500,0,'Queens Quay',1,1500,0,'Queens Quay',1,1000,0,'Queens Quay',1,1500,0,'Queens Quay',1,5500,0,'Queens Quay',1
