'1',2001,51800,4,'',1,2100,4,'',1,2000,4,'',1,6000,4,'',1,2000,4,'',1,2000,4,'',1,6000,4,'',1,2000,4,'',1,6600,4,'',1,2600,4,'',1,2000,4,'',1,6000,4,'',1,2000,4,'',1,1800,4,'',1,6000,4,'',1,2000,4,'',1,2000,4,'',1,6000,4,'',1,2000,4,'',1,2000,4,'',1,6000,4,'',1,2000,4,'',1,2000,4,'',1,6000,4,'',1,2000,4,'',1,2000,4,'',1,6000,4,'',1,2000,4,'',1,2000,4,'',1,6000,4,'',1,2000,4,'',1,1600,4,'',1,5800,4,'',1,1800,4,'',1,1800,4,'',1,1800,4,'',1,5800,4,'',1,1800,4,'',1,1800,4,'',1,5800,4,'',1,1800,4,'',1,1800,4,'',1,5800,4,'',1,1610,4,'',1,1600,4,'',1,1600,4,'',1,5700,4,'',1,2300,4,'',1,2300,4,'',1,6300,4,'',1,2300,4,'',1,6300,4,'',1,2000,4,'',1,2200,4,'',1,1400,4,'',1,7000,4,'',1,3000,4,'',1,7000,4,'',1,3000,4,'',1,7000,4,'',1,2800,4,'',1
'2',2001,52800,4,'',1,2100,4,'',1,6200,4,'',1,2200,4,'',1,2200,4,'',1,6200,4,'',1,2200,4,'',1,6200,4,'',1,1700,4,'',1,1800,4,'',1,1800,4,'',1,5800,4,'',1,1800,4,'',1,1800,4,'',1,5800,4,'',1,1800,4,'',1,1800,4,'',1,5800,4,'',1,1800,4,'',1,1800,4,'',1,1800,4,'',1,5900,4,'',1,2200,4,'',1,2000,4,'',1,6000,4,'',1,2000,4,'',1,2000,4,'',1,6000,4,'',1,2000,4,'',1,2000,4,'',1,6000,4,'',1,2000,4,'',1,2000,4,'',1,6000,4,'',1,2000,4,'',1,2000,4,'',1,6000,4,'',1,2000,4,'',1,2000,4,'',1,6000,4,'',1,2000,4,'',1,2000,4,'',1,5810,4,'',1,1700,4,'',1,1800,4,'',1,5900,4,'',1,2500,4,'',1,2500,4,'',1,6500,4,'',1,2500,4,'',1,6500,4,'',1,2000,4,'',1,7000,4,'',1,3000,4,'',1,7000,4,'',1,3000,4,'',1,7000,4,'',1,3000,4,'',1
'3',2001,75700,4,'',1,5900,4,'',1,2500,4,'',1,6500,4,'',1,2500,4,'',1,2500,4,'',1,6500,4,'',1,2500,4,'',1,6500,4,'',1,2500,4,'',1,6500,4,'',1,2500,4,'',1,2300,4,'',1,6000,4,'',1,1700,4,'',1,2000,4,'',1,6000,4,'',1,2000,4,'',1,2000,4,'',1,6000,4,'',1,2000,4,'',1,2000,4,'',1,6000,4,'',1,2000,4,'',1,2000,4,'',1,6000,4,'',1,2000,4,'',1,2000,4,'',1,6000,4,'',1,2000,4,'',1,2000,4,'',1,5810,4,'',1,1900,4,'',1,2500,4,'',1,7000,4,'',1,3000,4,'',1,7000,4,'',1,3000,4,'',1,7000,4,'',1,2000,4,'',1,6400,4,'',1,3000,4,'',1,7000,4,'',1,3000,4,'',1,7000,4,'',1,3000,4,'',1
'4',2001,53300,4,'',1,1300,4,'',1,6500,4,'',1,2500,4,'',1,6500,4,'',1,2500,4,'',1,2500,4,'',1,6500,4,'',1,2500,4,'',1,6500,4,'',1,2500,4,'',1,2500,4,'',1,6500,4,'',1,2500,4,'',1,6500,4,'',1,2500,4,'',1,6500,4,'',1,2500,4,'',1,2300,4,'',1,6000,4,'',1,1700,4,'',1,2000,4,'',1,6000,4,'',1,2000,4,'',1,2000,4,'',1,6000,4,'',1,2000,4,'',1,2000,4,'',1,6000,4,'',1,2000,4,'',1,2000,4,'',1,6000,4,'',1,2000,4,'',1,2000,4,'',1,6000,4,'',1,2000,4,'',1,2000,4,'',1,5810,4,'',1,1900,4,'',1,2500,4,'',1,7000,4,'',1,3000,4,'',1,7000,4,'',1,3000,4,'',1,7000,4,'',1,2000,4,'',1,6400,4,'',1,3000,4,'',1,7000,4,'',1,3000,4,'',1,7000,4,'',1,3000,4,'',1
'1',2104,52440,4,'',1,3000,4,'',1,7000,4,'',1,1500,4,'',1,1500,4,'',1,5500,4,'',1,1500,4,'',1,1500,4,'',1,1500,4,'',1,5500,4,'',1,1500,4,'',1,1500,4,'',1,1500,4,'',1,5500,4,'',1,1500,4,'',1,1500,4,'',1,1500,4,'',1,5500,4,'',1,2000,4,'',1,2000,4,'',1,6000,4,'',1,2000,4,'',1,2000,4,'',1,6000,4,'',1,2000,4,'',1,2000,4,'',1,6000,4,'',1,2000,4,'',1,2000,4,'',1,6000,4,'',1,2000,4,'',1,2000,4,'',1,6000,4,'',1,2000,4,'',1,2000,4,'',1,6000,4,'',1,1990,4,'',1,1900,4,'',1,5700,4,'',1,1500,4,'',1,1500,4,'',1,1500,4,'',1,5500,4,'',1,1500,4,'',1,1500,4,'',1,1500,4,'',1,5500,4,'',1,1500,4,'',1,1500,4,'',1,1200,4,'',1,5310,4,'',1,2000,4,'',1,2000,4,'',1,6000,4,'',1,2000,4,'',1,2000,4,'',1,6000,4,'',1,2000,4,'',1,1800,4,'',1,2000,4,'',1,6000,4,'',1,2200,4,'',1,6200,4,'',1,2200,4,'',1,2200,4,'',1,6200,4,'',1,2200,4,'',1,2000,4,'',1
'2',2104,65050,4,'',1,7000,4,'',1,3000,4,'',1,7000,4,'',1,3000,4,'',1,7000,4,'',1,3000,4,'',1,6200,4,'',1,2200,4,'',1,2200,4,'',1,6200,4,'',1,2200,4,'',1,6200,4,'',1,2200,4,'',1,2200,4,'',1,6200,4,'',1,1800,4,'',1,1800,4,'',1,5800,4,'',1,1800,4,'',1,1800,4,'',1,1800,4,'',1,5800,4,'',1,1800,4,'',1,1800,4,'',1,5800,4,'',1,1800,4,'',1,1800,4,'',1,5800,4,'',1,1800,4,'',1,1800,4,'',1,1800,4,'',1,5800,4,'',1,1800,4,'',1,1800,4,'',1,5800,4,'',1,1800,4,'',1,1800,4,'',1,5800,4,'',1,1800,4,'',1,2200,4,'',1,6200,4,'',1,2200,4,'',1,2200,4,'',1,6200,4,'',1,2200,4,'',1,2200,4,'',1,6200,4,'',1,2200,4,'',1,6200,4,'',1,2200,4,'',1,2200,4,'',1,6200,4,'',1,2200,4,'',1,2200,4,'',1
'3',2104,75050,4,'',1,7000,4,'',1,3000,4,'',1,7000,4,'',1,3000,4,'',1,7000,4,'',1,3000,4,'',1,7000,4,'',1,3000,4,'',1,7000,4,'',1,3000,4,'',1,7000,4,'',1,2200,4,'',1,6200,4,'',1,2200,4,'',1,2200,4,'',1,6200,4,'',1,2200,4,'',1,2200,4,'',1,6200,4,'',1,2200,4,'',1,6200,4,'',1,2200,4,'',1,2200,4,'',1,6200,4,'',1,2200,4,'',1,2200,4,'',1,6200,4,'',1,2200,4,'',1,2200,4,'',1,6200,4,'',1,2200,4,'',1,6200,4,'',1,2200,4,'',1,2200,4,'',1,6200,4,'',1,2200,4,'',1,2200,4,'',1,6200,4,'',1,2200,4,'',1,2200,4,'',1,6200,4,'',1,2200,4,'',1,6200,4,'',1,2200,4,'',1,2400,4,'',1
'4',2104,75050,4,'',1,7000,4,'',1,3000,4,'',1,7000,4,'',1,3000,4,'',1,7000,4,'',1,3000,4,'',1,7000,4,'',1,3000,4,'',1,7000,4,'',1,3000,4,'',1,7000,4,'',1,2200,4,'',1,6200,4,'',1,2200,4,'',1,2200,4,'',1,6200,4,'',1,2200,4,'',1,2200,4,'',1,6200,4,'',1,2200,4,'',1,6200,4,'',1,2200,4,'',1,2200,4,'',1,6200,4,'',1,2200,4,'',1,2200,4,'',1,6200,4,'',1,2200,4,'',1,2200,4,'',1,6200,4,'',1,2200,4,'',1,6200,4,'',1,2200,4,'',1,2200,4,'',1,6200,4,'',1,2200,4,'',1,2200,4,'',1,6200,4,'',1,2200,4,'',1,2200,4,'',1,6200,4,'',1,2200,4,'',1,6200,4,'',1,2200,4,'',1,2400,4,'',1
'1',3401,263500,4,'',1
'2',3401,263100,4,'',1,1500,4,'',1
'3',3401,262200,4,'',1
'4',3401,262200,4,'',1
'1',3802,54120,4,'',1,1600,4,'',1,5600,4,'',1,1500,4,'',1,1500,4,'',1,1500,4,'',1,5500,4,'',1,1600,4,'',1,1500,4,'',1,5700,4,'',1,1300,4,'',1,1600,4,'',1,1200,4,'',1,1200,4,'',1,5200,4,'',1,1200,4,'',1,1200,4,'',1,1200,4,'',1,1200,4,'',1,5200,4,'',1,1200,4,'',1,1000,4,'',1,1200,4,'',1,1200,4,'',1,5200,4,'',1,1200,4,'',1,1200,4,'',1,1200,4,'',1,1200,4,'',1,5200,4,'',1,1200,4,'',1,1200,4,'',1,1200,4,'',1,1200,4,'',1,5200,4,'',1,1200,4,'',1,1200,4,'',1,1200,4,'',1,1200,4,'',1,5200,4,'',1,1200,4,'',1,1200,4,'',1,1200,4,'',1,1200,4,'',1,5200,4,'',1,1200,4,'',1,1300,4,'',1,1400,4,'',1,1200,4,'',1,5200,4,'',1,1200,4,'',1,1200,4,'',1,1200,4,'',1,1200,4,'',1,5200,4,'',1,1200,4,'',1,1200,4,'',1,1200,4,'',1,1200,4,'',1,5200,4,'',1,1200,4,'',1,1200,4,'',1,1200,4,'',1,1200,4,'',1,5200,4,'',1,1200,4,'',1,1200,4,'',1,1200,4,'',1,800,4,'',1,5200,4,'',1,800,4,'',1,1200,4,'',1,1200,4,'',1,1200,4,'',1,1200,4,'',1,5200,4,'',1,1200,4,'',1,1200,4,'',1,1200,4,'',1,1200,4,'',1,5200,4,'',1,1200,4,'',1,1200,4,'',1,1000,4,'',1,5500,4,'',1,2000,4,'',1,2000,4,'',1,6000,4,'',1,2000,4,'',1,2000,4,'',1,6000,4,'',1,2000,4,'',1,2000,4,'',1,6200,4,'',1
'2',3802,61220,4,'',1,2000,4,'',1,2000,4,'',1,6000,4,'',1,2000,4,'',1,2000,4,'',1,6000,4,'',1,1600,4,'',1,1700,4,'',1,5600,4,'',1,1400,4,'',1,1400,4,'',1,1400,4,'',1,1400,4,'',1,5400,4,'',1,1400,4,'',1,1400,4,'',1,1400,4,'',1,5400,4,'',1,1400,4,'',1,1400,4,'',1,1400,4,'',1,5400,4,'',1,1400,4,'',1,1400,4,'',1,1400,4,'',1,1300,4,'',1,5300,4,'',1,1200,4,'',1,1200,4,'',1,1200,4,'',1,1200,4,'',1,5200,4,'',1,1200,4,'',1,1200,4,'',1,1200,4,'',1,1200,4,'',1,5200,4,'',1,1200,4,'',1,1200,4,'',1,1200,4,'',1,1200,4,'',1,5200,4,'',1,1200,4,'',1,1200,4,'',1,1200,4,'',1,1200,4,'',1,5200,4,'',1,1200,4,'',1,1200,4,'',1,1200,4,'',1,1200,4,'',1,5200,4,'',1,1200,4,'',1,1200,4,'',1,1200,4,'',1,1200,4,'',1,5500,4,'',1,1500,4,'',1,1200,4,'',1,800,4,'',1,5200,4,'',1,1200,4,'',1,1200,4,'',1,1200,4,'',1,1200,4,'',1,5200,4,'',1,1200,4,'',1,1200,4,'',1,1200,4,'',1,1200,4,'',1,5200,4,'',1,1200,4,'',1,1000,4,'',1,1700,4,'',1,1600,4,'',1,5600,4,'',1,1600,4,'',1,1600,4,'',1,5600,4,'',1,1600,4,'',1,1600,4,'',1,1600,4,'',1,5600,4,'',1,1600,4,'',1,1600,4,'',1,1600,4,'',1
'3',3802,80820,4,'',1,1800,4,'',1,1700,4,'',1,5800,4,'',1,1700,4,'',1,1800,4,'',1,1700,4,'',1,5800,4,'',1,1700,4,'',1,1800,4,'',1,5700,4,'',1,1800,4,'',1,1700,4,'',1,1800,4,'',1,5700,4,'',1,1800,4,'',1,1600,4,'',1,5700,4,'',1,1500,4,'',1,1500,4,'',1,1500,4,'',1,5500,4,'',1,1500,4,'',1,1500,4,'',1,1500,4,'',1,5500,4,'',1,1500,4,'',1,1500,4,'',1,1500,4,'',1,5500,4,'',1,1500,4,'',1,1500,4,'',1,1500,4,'',1,5500,4,'',1,1500,4,'',1,1500,4,'',1,1500,4,'',1,5500,4,'',1,1500,4,'',1,1500,4,'',1,1500,4,'',1,5500,4,'',1,1500,4,'',1,1500,4,'',1,1300,4,'',1,5300,4,'',1,1500,4,'',1,1500,4,'',1,1500,4,'',1,5500,4,'',1,1500,4,'',1,1500,4,'',1,1500,4,'',1,5500,4,'',1,1500,4,'',1,1500,4,'',1,1500,4,'',1,5500,4,'',1,1800,4,'',1,1700,4,'',1,1800,4,'',1,5700,4,'',1,1800,4,'',1,1700,4,'',1,5800,4,'',1,1700,4,'',1,2000,4,'',1
'4',3802,62820,4,'',1,1600,4,'',1,1500,4,'',1,5700,4,'',1,1700,4,'',1,1800,4,'',1,5700,4,'',1,1800,4,'',1,1700,4,'',1,5800,4,'',1,1700,4,'',1,1800,4,'',1,1700,4,'',1,5800,4,'',1,1700,4,'',1,1800,4,'',1,5700,4,'',1,1800,4,'',1,1700,4,'',1,1800,4,'',1,5700,4,'',1,1800,4,'',1,1600,4,'',1,5700,4,'',1,1500,4,'',1,1500,4,'',1,1500,4,'',1,5500,4,'',1,1500,4,'',1,1500,4,'',1,1500,4,'',1,5500,4,'',1,1500,4,'',1,1500,4,'',1,1500,4,'',1,5500,4,'',1,1500,4,'',1,1500,4,'',1,1500,4,'',1,5500,4,'',1,1500,4,'',1,1500,4,'',1,1500,4,'',1,5500,4,'',1,1500,4,'',1,1500,4,'',1,1500,4,'',1,5500,4,'',1,1500,4,'',1,1500,4,'',1,1300,4,'',1,5300,4,'',1,1500,4,'',1,1500,4,'',1,1500,4,'',1,5500,4,'',1,1500,4,'',1,1500,4,'',1,1500,4,'',1,5500,4,'',1,1500,4,'',1,1500,4,'',1,1500,4,'',1,5500,4,'',1,1800,4,'',1,1700,4,'',1,1800,4,'',1,5700,4,'',1,1800,4,'',1,1700,4,'',1,5800,4,'',1,1700,4,'',1,2000,4,'',1
'1',4304,54550,4,'',1,900,4,'',1,100,4,'',1,4800,4,'',1,200,4,'',1,1000,4,'',1,300,4,'',1,400,4,'',1,300,4,'',1,800,4,'',1,200,4,'',1,800,4,'',1,200,4,'',1,100,4,'',1,900,4,'',1,4800,4,'',1,200,4,'',1,1000,4,'',1,300,4,'',1,500,4,'',1,200,4,'',1,800,4,'',1,200,4,'',1,800,4,'',1,200,4,'',1,300,4,'',1,700,4,'',1,4800,4,'',1,200,4,'',1,1000,4,'',1,300,4,'',1,500,4,'',1,200,4,'',1,800,4,'',1,200,4,'',1,700,4,'',1,300,4,'',1,300,4,'',1,700,4,'',1,4800,4,'',1,200,4,'',1,1000,4,'',1,300,4,'',1,700,4,'',1,800,4,'',1,200,4,'',1,900,4,'',1,900,4,'',1,100,4,'',1,5000,4,'',1,900,4,'',1,100,4,'',1,1000,4,'',1,900,4,'',1,100,4,'',1,1000,4,'',1,900,4,'',1,100,4,'',1,5000,4,'',1,900,4,'',1,100,4,'',1,1000,4,'',1,900,4,'',1,100,4,'',1,1000,4,'',1,900,4,'',1,100,4,'',1,5000,4,'',1,900,4,'',1,100,4,'',1,1000,4,'',1,900,4,'',1,100,4,'',1,1000,4,'',1,900,4,'',1,100,4,'',1,5000,4,'',1,900,4,'',1,100,4,'',1,1000,4,'',1,900,4,'',1,100,4,'',1,1000,4,'',1,900,4,'',1,100,4,'',1,5000,4,'',1,900,4,'',1,100,4,'',1,1000,4,'',1,900,4,'',1,100,4,'',1,1000,4,'',1,900,4,'',1,100,4,'',1,5000,4,'',1,900,4,'',1,200,4,'',1,1100,4,'',1,800,4,'',1,200,4,'',1,100,4,'',1,900,4,'',1,300,4,'',1,700,4,'',1,300,4,'',1,4500,4,'',1,200,4,'',1,1000,4,'',1,500,4,'',1,500,4,'',1,600,4,'',1,400,4,'',1,700,4,'',1,300,4,'',1,100,4,'',1,900,4,'',1,4600,4,'',1,300,4,'',1,100,4,'',1,1000,4,'',1,100,4,'',1,900,4,'',1,100,4,'',1,500,4,'',1,400,4,'',1,1000,4,'',1,100,4,'',1,100,4,'',1,800,4,'',1,4600,4,'',1,400,4,'',1,500,4,'',1,500,4,'',1,100,4,'',1,900,4,'',1,600,4,'',1,100,4,'',1,100,4,'',1,900,4,'',1,400,4,'',1,450,4,'',1,100,4,'',1,4900,4,'',1,300,4,'',1,700,4,'',1,1000,4,'',1,600,4,'',1,400,4,'',1,1000,4,'',1,600,4,'',1,400,4,'',1,5000,4,'',1,600,4,'',1,400,4,'',1,1000,4,'',1,600,4,'',1,400,4,'',1,1000,4,'',1,600,4,'',1,400,4,'',1,5000,4,'',1,600,4,'',1,400,4,'',1,1000,4,'',1,600,4,'',1,300,4,'',1,900,4,'',1,700,4,'',1,200,4,'',1,1000,4,'',1,4700,4,'',1,300,4,'',1,1000,4,'',1,1000,4,'',1,1000,4,'',1,1000,4,'',1,1000,4,'',1,5000,4,'',1,1000,4,'',1,1000,4,'',1,1000,4,'',1,1000,4,'',1,1000,4,'',1,5000,4,'',1,1000,4,'',1,1000,4,'',1,1000,4,'',1,1000,4,'',1,1000,4,'',1,4900,4,'',1,900,4,'',1,910,4,'',1,1000,4,'',1,1000,4,'',1,1000,4,'',1,5000,4,'',1,1000,4,'',1
'2',4304,54150,4,'',1,1000,4,'',1,5000,4,'',1,1000,4,'',1,800,4,'',1,200,4,'',1,1000,4,'',1,300,4,'',1,700,4,'',1,800,4,'',1,200,4,'',1,5000,4,'',1,300,4,'',1,700,4,'',1,800,4,'',1,200,4,'',1,1000,4,'',1,300,4,'',1,700,4,'',1,800,4,'',1,200,4,'',1,5000,4,'',1,300,4,'',1,690,4,'',1,1000,4,'',1,1000,4,'',1,600,4,'',1,400,4,'',1,1000,4,'',1,200,4,'',1,4800,4,'',1,700,4,'',1,300,4,'',1,1000,4,'',1,500,4,'',1,500,4,'',1,1000,4,'',1,500,4,'',1,500,4,'',1,5000,4,'',1,500,4,'',1,500,4,'',1,1000,4,'',1,500,4,'',1,500,4,'',1,1000,4,'',1,500,4,'',1,500,4,'',1,5000,4,'',1,500,4,'',1,500,4,'',1,1000,4,'',1,500,4,'',1,500,4,'',1,1000,4,'',1,500,4,'',1,500,4,'',1,5000,4,'',1,500,4,'',1,500,4,'',1,1000,4,'',1,500,4,'',1,500,4,'',1,1000,4,'',1,500,4,'',1,500,4,'',1,5000,4,'',1,500,4,'',1,500,4,'',1,1000,4,'',1,500,4,'',1,500,4,'',1,1000,4,'',1,500,4,'',1,500,4,'',1,5000,4,'',1,500,4,'',1,500,4,'',1,1000,4,'',1,500,4,'',1,500,4,'',1,1000,4,'',1,500,4,'',1,500,4,'',1,5000,4,'',1,500,4,'',1,500,4,'',1,1000,4,'',1,500,4,'',1,500,4,'',1,1000,4,'',1,500,4,'',1,500,4,'',1,5000,4,'',1,500,4,'',1,500,4,'',1,1000,4,'',1,500,4,'',1,500,4,'',1,1000,4,'',1,500,4,'',1,500,4,'',1,5000,4,'',1,500,4,'',1,500,4,'',1,1000,4,'',1,500,4,'',1,500,4,'',1,1000,4,'',1,500,4,'',1,500,4,'',1,5000,4,'',1,500,4,'',1,500,4,'',1,1000,4,'',1,500,4,'',1,500,4,'',1,1000,4,'',1,500,4,'',1,500,4,'',1,5210,4,'',1,100,4,'',1,1150,4,'',1,400,4,'',1,800,4,'',1,700,4,'',1,500,4,'',1,1200,4,'',1,200,4,'',1,5000,4,'',1,500,4,'',1,700,4,'',1,800,4,'',1,400,4,'',1,1100,4,'',1,100,4,'',1,1200,4,'',1,200,4,'',1,5000,4,'',1,410,4,'',1,800,4,'',1,700,4,'',1,500,4,'',1,1000,4,'',1,200,4,'',1,1200,4,'',1,100,4,'',1,4900,4,'',1,500,4,'',1,500,4,'',1,1000,4,'',1,1000,4,'',1,500,4,'',1,500,4,'',1,1000,4,'',1,5000,4,'',1,1000,4,'',1,1000,4,'',1,1000,4,'',1,1000,4,'',1,1000,4,'',1,5000,4,'',1,1000,4,'',1,1000,4,'',1,1000,4,'',1,1000,4,'',1,1000,4,'',1,5000,4,'',1,1000,4,'',1,1000,4,'',1,1000,4,'',1,1000,4,'',1,1000,4,'',1,5000,4,'',1,1000,4,'',1,1000,4,'',1
'3',4304,53800,4,'',1,1000,4,'',1,1000,4,'',1,5000,4,'',1,1000,4,'',1,1000,4,'',1,1000,4,'',1,1000,4,'',1,1000,4,'',1,5000,4,'',1,1000,4,'',1,1000,4,'',1,1000,4,'',1,1000,4,'',1,1000,4,'',1,5000,4,'',1,1000,4,'',1,1000,4,'',1,1050,4,'',1,1100,4,'',1,5100,4,'',1,1000,4,'',1,300,4,'',1,700,4,'',1,800,4,'',1,200,4,'',1,1000,4,'',1,300,4,'',1,700,4,'',1,800,4,'',1,4200,4,'',1,1000,4,'',1,300,4,'',1,700,4,'',1,800,4,'',1,200,4,'',1,1000,4,'',1,300,4,'',1,700,4,'',1,800,4,'',1,4200,4,'',1,1000,4,'',1,300,4,'',1,700,4,'',1,800,4,'',1,200,4,'',1,1090,4,'',1,300,4,'',1,800,4,'',1,4900,4,'',1,200,4,'',1,1000,4,'',1,500,4,'',1,500,4,'',1,1000,4,'',1,200,4,'',1,800,4,'',1,800,4,'',1,200,4,'',1,5000,4,'',1,600,4,'',1,400,4,'',1,1000,4,'',1,400,4,'',1,600,4,'',1,1000,4,'',1,200,4,'',1,800,4,'',1,5000,4,'',1,1000,4,'',1,800,4,'',1,200,4,'',1,1000,4,'',1,600,4,'',1,400,4,'',1,1000,4,'',1,400,4,'',1,4600,4,'',1,1000,4,'',1,200,4,'',1,800,4,'',1,1000,4,'',1,1000,4,'',1,800,4,'',1,200,4,'',1,5000,4,'',1,600,4,'',1,400,4,'',1,1000,4,'',1,400,4,'',1,600,4,'',1,1000,4,'',1,200,4,'',1,800,4,'',1,5000,4,'',1,1000,4,'',1,800,4,'',1,200,4,'',1,1000,4,'',1,600,4,'',1,400,4,'',1,1000,4,'',1,400,4,'',1,4600,4,'',1,1000,4,'',1,200,4,'',1,700,4,'',1,900,4,'',1,900,4,'',1,610,4,'',1,300,4,'',1,950,4,'',1,4300,4,'',1,700,4,'',1,900,4,'',1,100,4,'',1,1000,4,'',1,400,4,'',1,600,4,'',1,900,4,'',1,100,4,'',1,1000,4,'',1,4400,4,'',1,600,4,'',1,900,4,'',1,100,4,'',1,1000,4,'',1,400,4,'',1,600,4,'',1,900,4,'',1,100,4,'',1,1000,4,'',1,4400,4,'',1,600,4,'',1,900,4,'',1,100,4,'',1,1000,4,'',1,400,4,'',1,500,4,'',1,900,4,'',1,100,4,'',1,810,4,'',1,4600,4,'',1,400,4,'',1,1000,4,'',1,100,4,'',1,900,4,'',1,600,4,'',1,400,4,'',1,1000,4,'',1,100,4,'',1,900,4,'',1,5000,4,'',1,1000,4,'',1,1000,4,'',1,1000,4,'',1,1000,4,'',1,1000,4,'',1,5000,4,'',1,1000,4,'',1,1000,4,'',1,1000,4,'',1,1000,4,'',1,1000,4,'',1,5000,4,'',1,1000,4,'',1,1000,4,'',1,1000,4,'',1,1000,4,'',1,1000,4,'',1,5000,4,'',1,1000,4,'',1
'4',4304,53800,4,'',1,1000,4,'',1,1000,4,'',1,5000,4,'',1,1000,4,'',1,1000,4,'',1,1000,4,'',1,1000,4,'',1,1000,4,'',1,5000,4,'',1,1000,4,'',1,1000,4,'',1,1000,4,'',1,1000,4,'',1,1000,4,'',1,5000,4,'',1,1000,4,'',1,1000,4,'',1,1050,4,'',1,1100,4,'',1,5100,4,'',1,1000,4,'',1,300,4,'',1,700,4,'',1,800,4,'',1,200,4,'',1,1000,4,'',1,300,4,'',1,700,4,'',1,800,4,'',1,4200,4,'',1,1000,4,'',1,300,4,'',1,700,4,'',1,800,4,'',1,200,4,'',1,1000,4,'',1,300,4,'',1,700,4,'',1,800,4,'',1,4200,4,'',1,1000,4,'',1,300,4,'',1,700,4,'',1,800,4,'',1,200,4,'',1,1090,4,'',1,300,4,'',1,800,4,'',1,4900,4,'',1,200,4,'',1,1000,4,'',1,500,4,'',1,500,4,'',1,1000,4,'',1,200,4,'',1,800,4,'',1,800,4,'',1,200,4,'',1,5000,4,'',1,600,4,'',1,400,4,'',1,1000,4,'',1,400,4,'',1,600,4,'',1,1000,4,'',1,200,4,'',1,800,4,'',1,5000,4,'',1,1000,4,'',1,800,4,'',1,200,4,'',1,1000,4,'',1,600,4,'',1,400,4,'',1,1000,4,'',1,400,4,'',1,4600,4,'',1,1000,4,'',1,200,4,'',1,800,4,'',1,1000,4,'',1,1000,4,'',1,800,4,'',1,200,4,'',1,5000,4,'',1,600,4,'',1,400,4,'',1,1000,4,'',1,400,4,'',1,600,4,'',1,1000,4,'',1,200,4,'',1,800,4,'',1,5000,4,'',1,1000,4,'',1,800,4,'',1,200,4,'',1,1000,4,'',1,600,4,'',1,400,4,'',1,1000,4,'',1,400,4,'',1,4600,4,'',1,1000,4,'',1,100,4,'',1,800,4,'',1,900,4,'',1,900,4,'',1,410,4,'',1,500,4,'',1,950,4,'',1,4300,4,'',1,700,4,'',1,900,4,'',1,100,4,'',1,1000,4,'',1,400,4,'',1,600,4,'',1,900,4,'',1,100,4,'',1,1000,4,'',1,4400,4,'',1,600,4,'',1,900,4,'',1,100,4,'',1,1000,4,'',1,400,4,'',1,600,4,'',1,900,4,'',1,100,4,'',1,1000,4,'',1,4400,4,'',1,600,4,'',1,900,4,'',1,100,4,'',1,1000,4,'',1,400,4,'',1,500,4,'',1,900,4,'',1,100,4,'',1,810,4,'',1,4600,4,'',1,400,4,'',1,1000,4,'',1,100,4,'',1,900,4,'',1,600,4,'',1,400,4,'',1,1000,4,'',1,100,4,'',1,900,4,'',1,5000,4,'',1,1000,4,'',1,1000,4,'',1,1000,4,'',1,1000,4,'',1,1000,4,'',1,5000,4,'',1,1000,4,'',1,1000,4,'',1,1000,4,'',1,1000,4,'',1,1000,4,'',1,5000,4,'',1,1000,4,'',1,1000,4,'',1,1000,4,'',1,1000,4,'',1,1000,4,'',1,5000,4,'',1,1000,4,'',1
'1',5704,51820,4,'',1,1300,4,'',1,1300,4,'',1,1300,4,'',1,5300,4,'',1,1300,4,'',1,1300,4,'',1,1300,4,'',1,5300,4,'',1,1300,4,'',1,1300,4,'',1,1300,4,'',1,600,4,'',1,1200,4,'',1,5200,4,'',1,1200,4,'',1,1200,4,'',1,1200,4,'',1,1200,4,'',1,5200,4,'',1,1200,4,'',1,1200,4,'',1,1800,4,'',1,5700,4,'',1,1800,4,'',1,1800,4,'',1,5800,4,'',1,1800,4,'',1,1800,4,'',1,1800,4,'',1,5800,4,'',1,1800,4,'',1,1800,4,'',1,5800,4,'',1,1800,4,'',1,1800,4,'',1,5800,4,'',1,1800,4,'',1,1800,4,'',1,900,4,'',1,900,4,'',1,5400,4,'',1,1680,4,'',1,1400,4,'',1,1400,4,'',1,5400,4,'',1,1400,4,'',1,1400,4,'',1,1400,4,'',1,5400,4,'',1,1400,4,'',1,1400,4,'',1,1400,4,'',1,5400,4,'',1,1400,4,'',1,1400,4,'',1,1400,4,'',1,1420,4,'',1,6000,4,'',1,2000,4,'',1,2000,4,'',1,6000,4,'',1,2000,4,'',1,2000,4,'',1,6000,4,'',1,2000,4,'',1,2000,4,'',1,6000,4,'',1,1800,4,'',1,6300,4,'',1,2500,4,'',1,2500,4,'',1,6500,4,'',1,2500,4,'',1,6500,4,'',1,2500,4,'',1
'2',5704,61620,4,'',1,2300,4,'',1,6500,4,'',1,2500,4,'',1,2500,4,'',1,6500,4,'',1,2400,4,'',1,6500,4,'',1,1700,4,'',1,2200,4,'',1,6200,4,'',1,2200,4,'',1,2200,4,'',1,6200,4,'',1,2200,4,'',1,2000,4,'',1,6200,4,'',1,1800,4,'',1,1800,4,'',1,5800,4,'',1,1800,4,'',1,1800,4,'',1,5800,4,'',1,1800,4,'',1,1800,4,'',1,5800,4,'',1,1800,4,'',1,1800,4,'',1,1800,4,'',1,5800,4,'',1,1800,4,'',1,1800,4,'',1,5800,4,'',1,1800,4,'',1,1800,4,'',1,5800,4,'',1,1800,4,'',1,1800,4,'',1,1800,4,'',1,5800,4,'',1,1800,4,'',1,1800,4,'',1,5800,4,'',1,1600,4,'',1,1600,4,'',1,1800,4,'',1,6000,4,'',1,2000,4,'',1,2000,4,'',1,5800,4,'',1,2000,4,'',1,2400,4,'',1,6400,4,'',1,2400,4,'',1,6400,4,'',1,2400,4,'',1,2400,4,'',1,6400,4,'',1
'3',5704,75220,4,'',1,6000,4,'',1,2000,4,'',1,2000,4,'',1,6000,4,'',1,2000,4,'',1,2000,4,'',1,6000,4,'',1,2000,4,'',1,2000,4,'',1,6000,4,'',1,2000,4,'',1,2000,4,'',1,5800,4,'',1,2400,4,'',1,2200,4,'',1,6200,4,'',1,2200,4,'',1,6200,4,'',1,2200,4,'',1,2200,4,'',1,6200,4,'',1,2200,4,'',1,2200,4,'',1,6200,4,'',1,2200,4,'',1,2200,4,'',1,6200,4,'',1,2200,4,'',1,6200,4,'',1,2200,4,'',1,2200,4,'',1,5700,4,'',1,2300,4,'',1,2500,4,'',1,6500,4,'',1,2500,4,'',1,6500,4,'',1,2500,4,'',1,2500,4,'',1,6000,4,'',1,2500,4,'',1,6500,4,'',1,2500,4,'',1,2500,4,'',1,6500,4,'',1,2500,4,'',1,6500,4,'',1,3000,4,'',1
'4',5704,61620,4,'',1,1600,4,'',1,2000,4,'',1,6000,4,'',1,2000,4,'',1,2000,4,'',1,6000,4,'',1,2000,4,'',1,2000,4,'',1,6000,4,'',1,2000,4,'',1,2000,4,'',1,6000,4,'',1,2000,4,'',1,2000,4,'',1,6000,4,'',1,2000,4,'',1,2000,4,'',1,5800,4,'',1,2400,4,'',1,2200,4,'',1,6200,4,'',1,2200,4,'',1,6200,4,'',1,2200,4,'',1,2200,4,'',1,6200,4,'',1,2200,4,'',1,2200,4,'',1,6200,4,'',1,2200,4,'',1,2200,4,'',1,6200,4,'',1,2200,4,'',1,6200,4,'',1,2200,4,'',1,2200,4,'',1,5500,4,'',1,2500,4,'',1,2500,4,'',1,6500,4,'',1,2500,4,'',1,6500,4,'',1,2500,4,'',1,2500,4,'',1,6000,4,'',1,2500,4,'',1,6500,4,'',1,2500,4,'',1,2500,4,'',1,6500,4,'',1,2500,4,'',1,6500,4,'',1,3000,4,'',1
'1',8602,52250,4,'',1,900,4,'',1,209650,4,'',1,1000,4,'',1
'2',8602,53800,4,'',1
'3',8602,61800,4,'',1,1700,4,'',1,1800,4,'',1,5000,4,'',1,1000,4,'',1,1000,4,'',1,1000,4,'',1,1000,4,'',1
'1',11301,53710,4,'',1,6600,4,'',1,2000,4,'',1,2000,4,'',1,6000,4,'',1,2290,4,'',1,2300,4,'',1,6300,4,'',1,2200,4,'',1,2000,4,'',1,5900,4,'',1,2000,4,'',1,2000,4,'',1,6000,4,'',1,2000,4,'',1,2000,4,'',1,6000,4,'',1,2000,4,'',1,2000,4,'',1,6000,4,'',1,2000,4,'',1,2000,4,'',1,6000,4,'',1,2000,4,'',1,2000,4,'',1,6000,4,'',1,2000,4,'',1,2000,4,'',1,6010,4,'',1,1900,4,'',1,1700,4,'',1,5800,4,'',1,1800,4,'',1,1800,4,'',1,5800,4,'',1,1800,4,'',1,1800,4,'',1,1800,4,'',1,5800,4,'',1,1800,4,'',1,1800,4,'',1,5610,4,'',1,1600,4,'',1,1300,4,'',1,1500,4,'',1,6300,4,'',1,2300,4,'',1,2300,4,'',1,6300,4,'',1,2300,4,'',1,6300,4,'',1,2100,4,'',1,1800,4,'',1,6200,4,'',1,3000,4,'',1,7000,4,'',1,3000,4,'',1,7000,4,'',1,3000,4,'',1,6800,4,'',1
'2',11301,53620,4,'',1,6900,4,'',1,2600,4,'',1,2600,4,'',1,6600,4,'',1,2600,4,'',1,6790,4,'',1,2600,4,'',1,6200,4,'',1,2000,4,'',1,1600,4,'',1,1600,4,'',1,5600,4,'',1,1600,4,'',1,1600,4,'',1,5600,4,'',1,1600,4,'',1,1600,4,'',1,1600,4,'',1,5600,4,'',1,1600,4,'',1,1600,4,'',1,1600,4,'',1,5600,4,'',1,1600,4,'',1,1600,4,'',1,1600,4,'',1,5600,4,'',1,1600,4,'',1,1600,4,'',1,5600,4,'',1,1600,4,'',1,1600,4,'',1,1600,4,'',1,5600,4,'',1,1600,4,'',1,1600,4,'',1,1600,4,'',1,5600,4,'',1,1600,4,'',1,1600,4,'',1,1600,4,'',1,5600,4,'',1,1600,4,'',1,1600,4,'',1,5600,4,'',1,1600,4,'',1,1400,4,'',1,1600,4,'',1,5600,4,'',1,1700,4,'',1,2000,4,'',1,6000,4,'',1,2000,4,'',1,2000,4,'',1,6000,4,'',1,1610,4,'',1,2500,4,'',1,6600,4,'',1,2600,4,'',1,2600,4,'',1,6600,4,'',1,2600,4,'',1,6600,4,'',1,2300,4,'',1
'3',11301,80110,4,'',1,2800,4,'',1,2800,4,'',1,6800,4,'',1,2800,4,'',1,6800,4,'',1,2800,4,'',1,6800,4,'',1,2800,4,'',1,6800,4,'',1,3200,4,'',1,6600,4,'',1,2200,4,'',1,2000,4,'',1,6000,4,'',1,2000,4,'',1,2000,4,'',1,6000,4,'',1,2000,4,'',1,2000,4,'',1,6000,4,'',1,2000,4,'',1,2000,4,'',1,6000,4,'',1,2000,4,'',1,2000,4,'',1,6000,4,'',1,2000,4,'',1,2000,4,'',1,6000,4,'',1,1800,4,'',1,2000,4,'',1,6500,4,'',1,2800,4,'',1,6800,4,'',1,2800,4,'',1,6410,4,'',1,2200,4,'',1,2200,4,'',1,6200,4,'',1,2500,4,'',1,6500,4,'',1,2500,4,'',1,2500,4,'',1,6500,4,'',1,2500,4,'',1
'4',11301,55410,4,'',1,7000,4,'',1,3000,4,'',1,7000,4,'',1,3000,4,'',1,7000,4,'',1,3000,4,'',1,7000,4,'',1,2900,4,'',1,6800,4,'',1,2800,4,'',1,6800,4,'',1,2800,4,'',1,6800,4,'',1,3200,4,'',1,6600,4,'',1,2200,4,'',1,2000,4,'',1,6000,4,'',1,2000,4,'',1,2000,4,'',1,6000,4,'',1,2000,4,'',1,2000,4,'',1,6000,4,'',1,2000,4,'',1,2000,4,'',1,6000,4,'',1,2000,4,'',1,2000,4,'',1,6000,4,'',1,2000,4,'',1,2000,4,'',1,6000,4,'',1,1800,4,'',1,2000,4,'',1,6500,4,'',1,2800,4,'',1,6800,4,'',1,2800,4,'',1,6410,4,'',1,2200,4,'',1,2200,4,'',1,6200,4,'',1,2500,4,'',1,6500,4,'',1,2500,4,'',1,2500,4,'',1,6500,4,'',1,2500,4,'',1
'1',11602,262600,4,'',1
'2',11602,261950,4,'',1
'3',11602,261650,4,'',1
'4',11602,261650,4,'',1
'1',12904,55910,4,'',1,4800,4,'',1,800,4,'',1,800,4,'',1,800,4,'',1,800,4,'',1,800,4,'',1,800,4,'',1,4800,4,'',1,800,4,'',1,800,4,'',1,800,4,'',1,1200,4,'',1,800,4,'',1,800,4,'',1,4800,4,'',1,800,4,'',1,800,4,'',1,800,4,'',1,800,4,'',1,800,4,'',1,800,4,'',1,800,4,'',1,4800,4,'',1,800,4,'',1,800,4,'',1,800,4,'',1,700,4,'',1,800,4,'',1,800,4,'',1,4800,4,'',1,800,4,'',1,800,4,'',1,800,4,'',1,700,4,'',1,800,4,'',1,800,4,'',1,800,4,'',1,4800,4,'',1,800,4,'',1,800,4,'',1,800,4,'',1,800,4,'',1,800,4,'',1,800,4,'',1,4800,4,'',1,800,4,'',1,800,4,'',1,800,4,'',1,800,4,'',1,800,4,'',1,800,4,'',1,800,4,'',1,4800,4,'',1,800,4,'',1,800,4,'',1,800,4,'',1,800,4,'',1,800,4,'',1,800,4,'',1,4800,4,'',1,800,4,'',1,800,4,'',1,800,4,'',1,800,4,'',1,800,4,'',1,800,4,'',1,800,4,'',1,4800,4,'',1,800,4,'',1,800,4,'',1,800,4,'',1,1000,4,'',1,800,4,'',1,600,4,'',1,4700,4,'',1,700,4,'',1,700,4,'',1,700,4,'',1,700,4,'',1,700,4,'',1,700,4,'',1,700,4,'',1,700,4,'',1,4700,4,'',1,700,4,'',1,700,4,'',1,700,4,'',1,700,4,'',1,700,4,'',1,700,4,'',1,700,4,'',1,700,4,'',1,4700,4,'',1,700,4,'',1,700,4,'',1,700,4,'',1,700,4,'',1,700,4,'',1,700,4,'',1,700,4,'',1,4700,4,'',1,700,4,'',1,700,4,'',1,700,4,'',1,700,4,'',1,200,4,'',1,700,4,'',1,800,4,'',1,700,4,'',1,4800,4,'',1,700,4,'',1,800,4,'',1,700,4,'',1,800,4,'',1,700,4,'',1,800,4,'',1,700,4,'',1,4800,4,'',1,700,4,'',1,800,4,'',1,700,4,'',1,800,4,'',1,700,4,'',1,800,4,'',1,700,4,'',1,4800,4,'',1,700,4,'',1,800,4,'',1,700,4,'',1,700,4,'',1,700,4,'',1,1000,4,'',1,1000,4,'',1,5000,4,'',1,1000,4,'',1,1000,4,'',1,1000,4,'',1,1000,4,'',1,1000,4,'',1,5000,4,'',1,1000,4,'',1,1000,4,'',1,1000,4,'',1,1000,4,'',1,1000,4,'',1,5000,4,'',1,1000,4,'',1,1000,4,'',1,1000,4,'',1,1000,4,'',1,1000,4,'',1,5000,4,'',1,1500,4,'',1
'2',12904,60210,4,'',1,800,4,'',1,900,4,'',1,800,4,'',1,900,4,'',1,800,4,'',1,900,4,'',1,4800,4,'',1,900,4,'',1,800,4,'',1,900,4,'',1,800,4,'',1,900,4,'',1,800,4,'',1,4900,4,'',1,800,4,'',1,900,4,'',1,800,4,'',1,900,4,'',1,800,4,'',1,900,4,'',1,4800,4,'',1,900,4,'',1,800,4,'',1,900,4,'',1,1000,4,'',1,700,4,'',1,800,4,'',1,700,4,'',1,4800,4,'',1,700,4,'',1,800,4,'',1,700,4,'',1,800,4,'',1,700,4,'',1,800,4,'',1,700,4,'',1,4800,4,'',1,700,4,'',1,800,4,'',1,700,4,'',1,800,4,'',1,700,4,'',1,800,4,'',1,700,4,'',1,4800,4,'',1,700,4,'',1,800,4,'',1,700,4,'',1,1000,4,'',1,700,4,'',1,800,4,'',1,4700,4,'',1,800,4,'',1,700,4,'',1,800,4,'',1,700,4,'',1,800,4,'',1,700,4,'',1,800,4,'',1,4700,4,'',1,800,4,'',1,700,4,'',1,800,4,'',1,700,4,'',1,800,4,'',1,700,4,'',1,800,4,'',1,4700,4,'',1,800,4,'',1,700,4,'',1,800,4,'',1,700,4,'',1,800,4,'',1,700,4,'',1,800,4,'',1,4700,4,'',1,800,4,'',1,700,4,'',1,800,4,'',1,700,4,'',1,800,4,'',1,700,4,'',1,800,4,'',1,4700,4,'',1,800,4,'',1,700,4,'',1,800,4,'',1,700,4,'',1,800,4,'',1,700,4,'',1,800,4,'',1,4700,4,'',1,800,4,'',1,700,4,'',1,800,4,'',1,700,4,'',1,800,4,'',1,700,4,'',1,800,4,'',1,4700,4,'',1,800,4,'',1,700,4,'',1,800,4,'',1,700,4,'',1,500,4,'',1,1000,4,'',1,1000,4,'',1,5000,4,'',1,1000,4,'',1,1000,4,'',1,1000,4,'',1,1000,4,'',1,1000,4,'',1,5000,4,'',1,1000,4,'',1,1000,4,'',1,1000,4,'',1,1000,4,'',1,1000,4,'',1,5000,4,'',1,1000,4,'',1,1000,4,'',1,900,4,'',1,1100,4,'',1,900,4,'',1,5000,4,'',1,1100,4,'',1,900,4,'',1,1000,4,'',1,1100,4,'',1,900,4,'',1,5000,4,'',1,1000,4,'',1,1000,4,'',1,1000,4,'',1,1000,4,'',1,1000,4,'',1,5000,4,'',1,1000,4,'',1,1000,4,'',1,1000,4,'',1,1000,4,'',1,1000,4,'',1,5000,4,'',1
'3',12904,81010,4,'',1,900,4,'',1,900,4,'',1,900,4,'',1,900,4,'',1,900,4,'',1,4900,4,'',1,900,4,'',1,900,4,'',1,900,4,'',1,900,4,'',1,900,4,'',1,900,4,'',1,4900,4,'',1,900,4,'',1,900,4,'',1,900,4,'',1,900,4,'',1,900,4,'',1,4900,4,'',1,900,4,'',1,900,4,'',1,900,4,'',1,900,4,'',1,900,4,'',1,900,4,'',1,4900,4,'',1,1000,4,'',1,1000,4,'',1,1000,4,'',1,1000,4,'',1,1000,4,'',1,5000,4,'',1,1000,4,'',1,1000,4,'',1,1000,4,'',1,1000,4,'',1,1000,4,'',1,5000,4,'',1,1000,4,'',1,1000,4,'',1,1000,4,'',1,1000,4,'',1,1000,4,'',1,5000,4,'',1,1000,4,'',1,1000,4,'',1,1000,4,'',1,1000,4,'',1,1000,4,'',1,5000,4,'',1,1000,4,'',1,1000,4,'',1,1000,4,'',1,1000,4,'',1,1000,4,'',1,5000,4,'',1,1000,4,'',1,1000,4,'',1,1000,4,'',1,1000,4,'',1,1000,4,'',1,5000,4,'',1,1000,4,'',1,1000,4,'',1,1000,4,'',1,1000,4,'',1,1000,4,'',1,5000,4,'',1,1000,4,'',1,1000,4,'',1,900,4,'',1,800,4,'',1,1000,4,'',1,5000,4,'',1,1000,4,'',1,1000,4,'',1,1000,4,'',1,1000,4,'',1,1000,4,'',1,5000,4,'',1,1000,4,'',1,1000,4,'',1,1000,4,'',1,1000,4,'',1,1000,4,'',1,5000,4,'',1,1000,4,'',1,1000,4,'',1,900,4,'',1,900,4,'',1,1000,4,'',1,800,4,'',1,5000,4,'',1,1000,4,'',1,900,4,'',1,900,4,'',1,1100,4,'',1,800,4,'',1,5000,4,'',1,900,4,'',1,1000,4,'',1,900,4,'',1,1000,4,'',1,900,4,'',1,5000,4,'',1,900,4,'',1,1000,4,'',1,900,4,'',1,1000,4,'',1,900,4,'',1,1000,4,'',1,4900,4,'',1,700,4,'',1
'4',12904,55510,4,'',1,4900,4,'',1,900,4,'',1,900,4,'',1,900,4,'',1,900,4,'',1,900,4,'',1,900,4,'',1,4900,4,'',1,900,4,'',1,900,4,'',1,900,4,'',1,900,4,'',1,900,4,'',1,4900,4,'',1,900,4,'',1,900,4,'',1,900,4,'',1,900,4,'',1,900,4,'',1,900,4,'',1,4900,4,'',1,900,4,'',1,900,4,'',1,900,4,'',1,900,4,'',1,900,4,'',1,900,4,'',1,4900,4,'',1,900,4,'',1,900,4,'',1,900,4,'',1,900,4,'',1,900,4,'',1,4900,4,'',1,900,4,'',1,900,4,'',1,900,4,'',1,900,4,'',1,900,4,'',1,900,4,'',1,4900,4,'',1,1000,4,'',1,1000,4,'',1,1000,4,'',1,1000,4,'',1,1000,4,'',1,5000,4,'',1,1000,4,'',1,1000,4,'',1,1000,4,'',1,1000,4,'',1,1000,4,'',1,5000,4,'',1,1000,4,'',1,1000,4,'',1,1000,4,'',1,1000,4,'',1,1000,4,'',1,5000,4,'',1,1000,4,'',1,1000,4,'',1,1000,4,'',1,1000,4,'',1,1000,4,'',1,5000,4,'',1,1000,4,'',1,1000,4,'',1,1000,4,'',1,1000,4,'',1,1000,4,'',1,5000,4,'',1,1000,4,'',1,1000,4,'',1,1000,4,'',1,1000,4,'',1,1000,4,'',1,5000,4,'',1,1000,4,'',1,1000,4,'',1,1000,4,'',1,1000,4,'',1,1000,4,'',1,5000,4,'',1,1000,4,'',1,1000,4,'',1,900,4,'',1,800,4,'',1,1000,4,'',1,5000,4,'',1,1000,4,'',1,1000,4,'',1,1000,4,'',1,1000,4,'',1,1000,4,'',1,5000,4,'',1,1000,4,'',1,1000,4,'',1,1000,4,'',1,1000,4,'',1,1000,4,'',1,5000,4,'',1,1000,4,'',1,1000,4,'',1,900,4,'',1,900,4,'',1,1000,4,'',1,800,4,'',1,5000,4,'',1,1000,4,'',1,900,4,'',1,900,4,'',1,1100,4,'',1,800,4,'',1,5000,4,'',1,900,4,'',1,1000,4,'',1,900,4,'',1,1000,4,'',1,900,4,'',1,5000,4,'',1,900,4,'',1,1000,4,'',1,900,4,'',1,1000,4,'',1,900,4,'',1,1000,4,'',1,4900,4,'',1,700,4,'',1
'1',13102,60010,4,'',1,1600,4,'',1,1200,4,'',1,1200,4,'',1,1900,4,'',1,5200,4,'',1,1200,4,'',1,1200,4,'',1,1200,4,'',1,1200,4,'',1,5200,4,'',1,1200,4,'',1,1200,4,'',1,1200,4,'',1,1200,4,'',1,5200,4,'',1,1200,4,'',1,1200,4,'',1,1200,4,'',1,1200,4,'',1,5300,4,'',1,2100,4,'',1,1500,4,'',1,5500,4,'',1,1500,4,'',1,1500,4,'',1,1500,4,'',1,5500,4,'',1,1500,4,'',1,1500,4,'',1,1500,4,'',1,5500,4,'',1,1500,4,'',1,1500,4,'',1,1500,4,'',1,5500,4,'',1,1500,4,'',1,1300,4,'',1,1700,4,'',1,5500,4,'',1,1500,4,'',1,1400,4,'',1,1200,4,'',1,1200,4,'',1,5200,4,'',1,1200,4,'',1,1200,4,'',1,1200,4,'',1,1200,4,'',1,5200,4,'',1,1200,4,'',1,1200,4,'',1,1200,4,'',1,1200,4,'',1,5200,4,'',1,1200,4,'',1,1200,4,'',1,1200,4,'',1,1200,4,'',1,5200,4,'',1,1500,4,'',1,1500,4,'',1,1300,4,'',1,5500,4,'',1,1500,4,'',1,1500,4,'',1,1500,4,'',1,5500,4,'',1,1500,4,'',1,1500,4,'',1,1500,4,'',1,5500,4,'',1,1500,4,'',1,1500,4,'',1,1500,4,'',1,5700,4,'',1,1700,4,'',1,2000,4,'',1,6000,4,'',1,2000,4,'',1,2000,4,'',1,6000,4,'',1,2500,4,'',1
'2',13102,72110,4,'',1,2200,4,'',1,6000,4,'',1,2000,4,'',1,2700,4,'',1,5800,4,'',1,1800,4,'',1,1800,4,'',1,5800,4,'',1,1800,4,'',1,1800,4,'',1,1800,4,'',1,5800,4,'',1,1800,4,'',1,1800,4,'',1,5800,4,'',1,1800,4,'',1,1800,4,'',1,1500,4,'',1,5500,4,'',1,1500,4,'',1,1500,4,'',1,1500,4,'',1,5500,4,'',1,1500,4,'',1,1500,4,'',1,1500,4,'',1,5500,4,'',1,1500,4,'',1,1500,4,'',1,1300,4,'',1,5500,4,'',1,1500,4,'',1,1500,4,'',1,1500,4,'',1,5500,4,'',1,1500,4,'',1,1500,4,'',1,1500,4,'',1,5500,4,'',1,1500,4,'',1,1500,4,'',1,1500,4,'',1,5500,4,'',1,1500,4,'',1,1500,4,'',1,1200,4,'',1,5200,4,'',1,1600,4,'',1,1600,4,'',1,1600,4,'',1,5600,4,'',1,1600,4,'',1,1600,4,'',1,1600,4,'',1,5600,4,'',1,1600,4,'',1,1600,4,'',1,6000,4,'',1,2000,4,'',1,2000,4,'',1,6000,4,'',1,2000,4,'',1,2000,4,'',1,6000,4,'',1,2000,4,'',1,2000,4,'',1,6000,4,'',1
'3',13102,80610,4,'',1,2000,4,'',1,2000,4,'',1,6000,4,'',1,2000,4,'',1,2000,4,'',1,6000,4,'',1,2000,4,'',1,2000,4,'',1,6000,4,'',1,2000,4,'',1,2000,4,'',1,6000,4,'',1,2000,4,'',1,2000,4,'',1,5600,4,'',1,1600,4,'',1,1600,4,'',1,1600,4,'',1,5600,4,'',1,1600,4,'',1,1600,4,'',1,1600,4,'',1,5600,4,'',1,1600,4,'',1,1600,4,'',1,1600,4,'',1,5600,4,'',1,1600,4,'',1,1600,4,'',1,5600,4,'',1,1600,4,'',1,1600,4,'',1,1600,4,'',1,5600,4,'',1,1600,4,'',1,1600,4,'',1,1600,4,'',1,5600,4,'',1,1200,4,'',1,1400,4,'',1,1600,4,'',1,5600,4,'',1,1600,4,'',1,1600,4,'',1,1600,4,'',1,5600,4,'',1,1600,4,'',1,1600,4,'',1,5600,4,'',1,1600,4,'',1,1600,4,'',1,1700,4,'',1,6200,4,'',1,2200,4,'',1,2200,4,'',1,6200,4,'',1,2200,4,'',1,2000,4,'',1
'4',13102,72810,4,'',1,2000,4,'',1,5800,4,'',1,2000,4,'',1,2000,4,'',1,6000,4,'',1,2000,4,'',1,2000,4,'',1,6000,4,'',1,2000,4,'',1,2000,4,'',1,6000,4,'',1,2000,4,'',1,2000,4,'',1,6000,4,'',1,2000,4,'',1,2000,4,'',1,5600,4,'',1,1600,4,'',1,1600,4,'',1,1600,4,'',1,5600,4,'',1,1600,4,'',1,1600,4,'',1,1600,4,'',1,5600,4,'',1,1600,4,'',1,1600,4,'',1,1600,4,'',1,5600,4,'',1,1600,4,'',1,1600,4,'',1,5600,4,'',1,1600,4,'',1,1600,4,'',1,1600,4,'',1,5600,4,'',1,1600,4,'',1,1600,4,'',1,1600,4,'',1,5600,4,'',1,1200,4,'',1,1400,4,'',1,1600,4,'',1,5600,4,'',1,1600,4,'',1,1600,4,'',1,1600,4,'',1,5600,4,'',1,1600,4,'',1,1600,4,'',1,5600,4,'',1,1600,4,'',1,1600,4,'',1,1700,4,'',1,6200,4,'',1,2200,4,'',1,2200,4,'',1,6200,4,'',1,2200,4,'',1,2000,4,'',1
'1',13304,55310,4,'',1,5500,4,'',1,1500,4,'',1,1500,4,'',1,1500,4,'',1,5500,4,'',1,1500,4,'',1,1500,4,'',1,2000,4,'',1,5500,4,'',1,1500,4,'',1,1500,4,'',1,1500,4,'',1,5500,4,'',1,1500,4,'',1,1500,4,'',1,1500,4,'',1,5300,4,'',1,1500,4,'',1,1500,4,'',1,1500,4,'',1,5500,4,'',1,1500,4,'',1,1500,4,'',1,1500,4,'',1,5500,4,'',1,1500,4,'',1,1500,4,'',1,1500,4,'',1,4700,4,'',1,1500,4,'',1,1500,4,'',1,1500,4,'',1,5200,4,'',1,1500,4,'',1,1500,4,'',1,1500,4,'',1,5500,4,'',1,1500,4,'',1,1500,4,'',1,1500,4,'',1,5500,4,'',1,1200,4,'',1,1200,4,'',1,1200,4,'',1,1200,4,'',1,5200,4,'',1,1200,4,'',1,1200,4,'',1,1200,4,'',1,1200,4,'',1,5200,4,'',1,1200,4,'',1,1200,4,'',1,1200,4,'',1,1200,4,'',1,5200,4,'',1,1200,4,'',1,1200,4,'',1,1200,4,'',1,600,4,'',1,1500,4,'',1,5500,4,'',1,1500,4,'',1,1500,4,'',1,1500,4,'',1,5500,4,'',1,1500,4,'',1,1500,4,'',1,1500,4,'',1,5500,4,'',1,1500,4,'',1,1600,4,'',1,6500,4,'',1,2500,4,'',1,2500,4,'',1,6500,4,'',1,2500,4,'',1,6500,4,'',1,2500,4,'',1,6600,4,'',1,2600,4,'',1
'2',13304,60710,4,'',1,1900,4,'',1,1800,4,'',1,5800,4,'',1,1800,4,'',1,1800,4,'',1,1800,4,'',1,5800,4,'',1,1800,4,'',1,1500,4,'',1,5800,4,'',1,1500,4,'',1,1500,4,'',1,1500,4,'',1,5500,4,'',1,1500,4,'',1,1500,4,'',1,1500,4,'',1,5500,4,'',1,1500,4,'',1,1500,4,'',1,1500,4,'',1,5500,4,'',1,1500,4,'',1,1500,4,'',1,1500,4,'',1,900,4,'',1,5500,4,'',1,1500,4,'',1,1000,4,'',1,1500,4,'',1,5500,4,'',1,1500,4,'',1,1500,4,'',1,1500,4,'',1,5500,4,'',1,1500,4,'',1,1500,4,'',1,1500,4,'',1,5500,4,'',1,1500,4,'',1,1500,4,'',1,1500,4,'',1,5500,4,'',1,1500,4,'',1,1500,4,'',1,1500,4,'',1,5500,4,'',1,1500,4,'',1,1500,4,'',1,1500,4,'',1,5500,4,'',1,1500,4,'',1,1500,4,'',1,1000,4,'',1,5500,4,'',1,1500,4,'',1,1500,4,'',1,1500,4,'',1,5500,4,'',1,1500,4,'',1,1500,4,'',1,1500,4,'',1,5500,4,'',1,1500,4,'',1,1500,4,'',1,2100,4,'',1,6500,4,'',1,2500,4,'',1,6500,4,'',1,2500,4,'',1,6500,4,'',1,2500,4,'',1,2500,4,'',1,6500,4,'',1,2500,4,'',1
'3',13304,71610,4,'',1,2000,4,'',1,2000,4,'',1,6000,4,'',1,2000,4,'',1,2000,4,'',1,5600,4,'',1,1500,4,'',1,1500,4,'',1,1500,4,'',1,5500,4,'',1,1500,4,'',1,1500,4,'',1,1500,4,'',1,5500,4,'',1,1500,4,'',1,1500,4,'',1,1500,4,'',1,5500,4,'',1,1500,4,'',1,1500,4,'',1,1600,4,'',1,5500,4,'',1,1500,4,'',1,500,4,'',1,1500,4,'',1,5500,4,'',1,1500,4,'',1,1500,4,'',1,1500,4,'',1,5500,4,'',1,1500,4,'',1,1500,4,'',1,1500,4,'',1,5500,4,'',1,1500,4,'',1,1500,4,'',1,1500,4,'',1,5500,4,'',1,1500,4,'',1,1500,4,'',1,1500,4,'',1,5500,4,'',1,1500,4,'',1,1500,4,'',1,1500,4,'',1,5500,4,'',1,1500,4,'',1,1500,4,'',1,1200,4,'',1,5500,4,'',1,1500,4,'',1,1500,4,'',1,1500,4,'',1,5500,4,'',1,1500,4,'',1,1500,4,'',1,1500,4,'',1,5500,4,'',1,1500,4,'',1,1700,4,'',1,2300,4,'',1,6500,4,'',1,2500,4,'',1,6500,4,'',1,2500,4,'',1,6500,4,'',1,2500,4,'',1,2500,4,'',1,6500,4,'',1,2400,4,'',1
'4',13304,71610,4,'',1,2000,4,'',1,2000,4,'',1,6000,4,'',1,2000,4,'',1,2000,4,'',1,5600,4,'',1,1500,4,'',1,1500,4,'',1,1500,4,'',1,5500,4,'',1,1500,4,'',1,1500,4,'',1,1500,4,'',1,5500,4,'',1,1500,4,'',1,1500,4,'',1,1500,4,'',1,5500,4,'',1,1500,4,'',1,1500,4,'',1,1600,4,'',1,5500,4,'',1,1500,4,'',1,500,4,'',1,1500,4,'',1,5500,4,'',1,1500,4,'',1,1500,4,'',1,1500,4,'',1,5500,4,'',1,1500,4,'',1,1500,4,'',1,1500,4,'',1,5500,4,'',1,1500,4,'',1,1500,4,'',1,1500,4,'',1,5500,4,'',1,1500,4,'',1,1500,4,'',1,1500,4,'',1,5500,4,'',1,1500,4,'',1,1500,4,'',1,1500,4,'',1,5500,4,'',1,1500,4,'',1,1500,4,'',1,1200,4,'',1,5500,4,'',1,1500,4,'',1,1500,4,'',1,1500,4,'',1,5500,4,'',1,1500,4,'',1,1500,4,'',1,1500,4,'',1,5500,4,'',1,1500,4,'',1,1700,4,'',1,2300,4,'',1,6500,4,'',1,2500,4,'',1,6500,4,'',1,2500,4,'',1,6500,4,'',1,2500,4,'',1,2500,4,'',1,6400,4,'',1,2400,4,'',1
'1',90304,55710,4,'',1,4800,4,'',1,800,4,'',1,800,4,'',1,800,4,'',1,800,4,'',1,800,4,'',1,800,4,'',1,4800,4,'',1,800,4,'',1,800,4,'',1,800,4,'',1,800,4,'',1,800,4,'',1,800,4,'',1,800,4,'',1,4800,4,'',1,800,4,'',1,800,4,'',1,800,4,'',1,800,4,'',1,800,4,'',1,800,4,'',1,4800,4,'',1,800,4,'',1,800,4,'',1,800,4,'',1,800,4,'',1,800,4,'',1,800,4,'',1,800,4,'',1,4800,4,'',1,800,4,'',1,800,4,'',1,800,4,'',1,800,4,'',1,800,4,'',1,800,4,'',1,4800,4,'',1,800,4,'',1,800,4,'',1,800,4,'',1,800,4,'',1,800,4,'',1,800,4,'',1,800,4,'',1,4800,4,'',1,800,4,'',1,800,4,'',1,800,4,'',1,800,4,'',1,800,4,'',1,800,4,'',1,4800,4,'',1,800,4,'',1,800,4,'',1,800,4,'',1,800,4,'',1,800,4,'',1,800,4,'',1,800,4,'',1,4800,4,'',1,800,4,'',1,800,4,'',1,800,4,'',1,800,4,'',1,800,4,'',1,800,4,'',1,4800,4,'',1,800,4,'',1,800,4,'',1,800,4,'',1,800,4,'',1,800,4,'',1,800,4,'',1,800,4,'',1,4800,4,'',1,800,4,'',1,800,4,'',1,800,4,'',1,800,4,'',1,800,4,'',1,800,4,'',1,4800,4,'',1,800,4,'',1,800,4,'',1,800,4,'',1,800,4,'',1,800,4,'',1,800,4,'',1,800,4,'',1,4800,4,'',1,800,4,'',1,800,4,'',1,800,4,'',1,800,4,'',1,800,4,'',1,900,4,'',1,5100,4,'',1,1200,4,'',1,1200,4,'',1,1200,4,'',1,1200,4,'',1,5200,4,'',1,1200,4,'',1,1200,4,'',1,1200,4,'',1,1200,4,'',1,5200,4,'',1,1200,4,'',1,1200,4,'',1,1200,4,'',1,1200,4,'',1
'2',90304,55710,4,'',1,5500,4,'',1,1500,4,'',1,1500,4,'',1,1500,4,'',1,5500,4,'',1,1500,4,'',1,1500,4,'',1,1500,4,'',1,5500,4,'',1,1500,4,'',1,1500,4,'',1,1500,4,'',1,5500,4,'',1,1500,4,'',1,1500,4,'',1,1500,4,'',1,5500,4,'',1,1500,4,'',1,1500,4,'',1,1500,4,'',1,5500,4,'',1,1500,4,'',1,1500,4,'',1,1500,4,'',1,5600,4,'',1,1500,4,'',1,1500,4,'',1,1400,4,'',1,5200,4,'',1,1300,4,'',1,1200,4,'',1,1300,4,'',1,1200,4,'',1,5300,4,'',1,1200,4,'',1,1300,4,'',1,1200,4,'',1,5300,4,'',1,1200,4,'',1,1300,4,'',1,1200,4,'',1,1300,4,'',1,5200,4,'',1,1300,4,'',1,1200,4,'',1,1300,4,'',1,1200,4,'',1,5300,4,'',1,1200,4,'',1,1300,4,'',1,1200,4,'',1,1300,4,'',1,5200,4,'',1,1300,4,'',1,1200,4,'',1,1300,4,'',1,1200,4,'',1,5300,4,'',1,1200,4,'',1,1300,4,'',1,1200,4,'',1,5300,4,'',1,1200,4,'',1,1300,4,'',1,1200,4,'',1,1300,4,'',1,5200,4,'',1,1300,4,'',1,1200,4,'',1,1300,4,'',1,1200,4,'',1,5500,4,'',1,1500,4,'',1,1500,4,'',1,1500,4,'',1,5500,4,'',1,1500,4,'',1,1500,4,'',1,1500,4,'',1,5500,4,'',1,1500,4,'',1,1500,4,'',1,1500,4,'',1,5500,4,'',1,2000,4,'',1
'3',90304,74910,4,'',1,5200,4,'',1,1300,4,'',1,1200,4,'',1,1300,4,'',1,1200,4,'',1,5300,4,'',1,1200,4,'',1,1300,4,'',1,1200,4,'',1,1300,4,'',1,5200,4,'',1,1300,4,'',1,1200,4,'',1,1300,4,'',1,1200,4,'',1,5300,4,'',1,1200,4,'',1,1300,4,'',1,1200,4,'',1,1300,4,'',1,5200,4,'',1,1200,4,'',1,1300,4,'',1,1200,4,'',1,5300,4,'',1,1200,4,'',1,1300,4,'',1,1200,4,'',1,1300,4,'',1,5200,4,'',1,1300,4,'',1,1200,4,'',1,1300,4,'',1,1200,4,'',1,5300,4,'',1,1200,4,'',1,1300,4,'',1,1200,4,'',1,1300,4,'',1,5200,4,'',1,1300,4,'',1,1200,4,'',1,1300,4,'',1,1200,4,'',1,5300,4,'',1,1200,4,'',1,1300,4,'',1,1200,4,'',1,5300,4,'',1,1200,4,'',1,1300,4,'',1,1200,4,'',1,1300,4,'',1,5500,4,'',1,1500,4,'',1,1500,4,'',1,1500,4,'',1,5500,4,'',1,1500,4,'',1,1500,4,'',1,1500,4,'',1,5500,4,'',1,1500,4,'',1,1500,4,'',1,1500,4,'',1,5500,4,'',1,1500,4,'',1,1500,4,'',1,1500,4,'',1,5500,4,'',1,1500,4,'',1,1500,4,'',1,1500,4,'',1,5500,4,'',1,1500,4,'',1,1500,4,'',1,1500,4,'',1,5500,4,'',1,1500,4,'',1,1500,4,'',1
'4',90304,55710,4,'',1,5200,4,'',1,1300,4,'',1,1200,4,'',1,1300,4,'',1,1200,4,'',1,5300,4,'',1,1200,4,'',1,1300,4,'',1,1200,4,'',1,5200,4,'',1,1300,4,'',1,1200,4,'',1,1300,4,'',1,1200,4,'',1,5300,4,'',1,1200,4,'',1,1300,4,'',1,1200,4,'',1,1300,4,'',1,5200,4,'',1,1300,4,'',1,1200,4,'',1,1300,4,'',1,1200,4,'',1,5300,4,'',1,1200,4,'',1,1300,4,'',1,1200,4,'',1,1300,4,'',1,5200,4,'',1,1200,4,'',1,1300,4,'',1,1200,4,'',1,5300,4,'',1,1200,4,'',1,1300,4,'',1,1200,4,'',1,1300,4,'',1,5200,4,'',1,1300,4,'',1,1200,4,'',1,1300,4,'',1,1200,4,'',1,5300,4,'',1,1200,4,'',1,1300,4,'',1,1200,4,'',1,1300,4,'',1,5200,4,'',1,1300,4,'',1,1200,4,'',1,1300,4,'',1,1200,4,'',1,5300,4,'',1,1200,4,'',1,1300,4,'',1,1200,4,'',1,5300,4,'',1,1200,4,'',1,1300,4,'',1,1200,4,'',1,1300,4,'',1,5500,4,'',1,1500,4,'',1,1500,4,'',1,1500,4,'',1,5500,4,'',1,1500,4,'',1,1500,4,'',1,1500,4,'',1,5500,4,'',1,1500,4,'',1,1500,4,'',1,1500,4,'',1,5500,4,'',1,1500,4,'',1,1500,4,'',1,1500,4,'',1,5500,4,'',1,1500,4,'',1,1500,4,'',1,1500,4,'',1,5500,4,'',1,1500,4,'',1,1500,4,'',1,1500,4,'',1,5500,4,'',1,1500,4,'',1,1500,4,'',1
'1',93901,72910,4,'',1,800,4,'',1,800,4,'',1,800,4,'',1,4800,4,'',1,800,4,'',1,800,4,'',1,800,4,'',1,1000,4,'',1,1000,4,'',1,800,4,'',1,4800,4,'',1,800,4,'',1,800,4,'',1,800,4,'',1,800,4,'',1,800,4,'',1,800,4,'',1,800,4,'',1,4700,4,'',1,800,4,'',1,800,4,'',1,700,4,'',1,700,4,'',1,700,4,'',1,700,4,'',1,700,4,'',1,4700,4,'',1,700,4,'',1,700,4,'',1,700,4,'',1,700,4,'',1,700,4,'',1,700,4,'',1,700,4,'',1,700,4,'',1,4700,4,'',1,700,4,'',1,700,4,'',1,700,4,'',1,700,4,'',1,700,4,'',1,700,4,'',1,700,4,'',1,4700,4,'',1,700,4,'',1,700,4,'',1,700,4,'',1,700,4,'',1,700,4,'',1,700,4,'',1,700,4,'',1,700,4,'',1,4700,4,'',1,700,4,'',1,700,4,'',1,700,4,'',1,700,4,'',1,700,4,'',1,700,4,'',1,700,4,'',1,4700,4,'',1,600,4,'',1,1200,4,'',1,1200,4,'',1,1400,4,'',1,1400,4,'',1,5400,4,'',1,1400,4,'',1,1200,4,'',1,1200,4,'',1,5200,4,'',1,1200,4,'',1,1200,4,'',1,1200,4,'',1,1200,4,'',1,5200,4,'',1,1200,4,'',1,1200,4,'',1,1200,4,'',1,800,4,'',1,900,4,'',1,5000,4,'',1,1000,4,'',1,1200,4,'',1,1400,4,'',1,800,4,'',1,800,4,'',1,4800,4,'',1,800,4,'',1,800,4,'',1,800,4,'',1,800,4,'',1,800,4,'',1,800,4,'',1,4800,4,'',1,800,4,'',1,800,4,'',1,800,4,'',1,800,4,'',1,800,4,'',1,800,4,'',1,700,4,'',1,4700,4,'',1,700,4,'',1,700,4,'',1,700,4,'',1,700,4,'',1,700,4,'',1,800,4,'',1,1100,4,'',1,5300,4,'',1,1300,4,'',1,1300,4,'',1,1300,4,'',1,5300,4,'',1,1300,4,'',1,1300,4,'',1,1300,4,'',1,1300,4,'',1,5300,4,'',1,1300,4,'',1,1300,4,'',1,1600,4,'',1
'2',93901,91510,4,'',1,800,4,'',1,800,4,'',1,800,4,'',1,800,4,'',1,800,4,'',1,4800,4,'',1,800,4,'',1,800,4,'',1,800,4,'',1,800,4,'',1,800,4,'',1,800,4,'',1,800,4,'',1,4800,4,'',1,800,4,'',1,800,4,'',1,800,4,'',1,800,4,'',1,800,4,'',1,5300,4,'',1,700,4,'',1,700,4,'',1,700,4,'',1,700,4,'',1,700,4,'',1,700,4,'',1,700,4,'',1,700,4,'',1,4700,4,'',1,700,4,'',1,700,4,'',1,700,4,'',1,700,4,'',1,700,4,'',1,700,4,'',1,700,4,'',1,700,4,'',1,4700,4,'',1,700,4,'',1,700,4,'',1,700,4,'',1,700,4,'',1,700,4,'',1,700,4,'',1,700,4,'',1,4700,4,'',1,700,4,'',1,700,4,'',1,700,4,'',1,700,4,'',1,700,4,'',1,700,4,'',1,700,4,'',1,700,4,'',1,4700,4,'',1,700,4,'',1,700,4,'',1,700,4,'',1,700,4,'',1,700,4,'',1,700,4,'',1,700,4,'',1,4700,4,'',1,700,4,'',1,700,4,'',1,700,4,'',1,700,4,'',1,700,4,'',1,700,4,'',1,700,4,'',1,700,4,'',1,4700,4,'',1,700,4,'',1,700,4,'',1,700,4,'',1,700,4,'',1,700,4,'',1,700,4,'',1,700,4,'',1,4700,4,'',1,700,4,'',1,700,4,'',1,700,4,'',1,700,4,'',1,700,4,'',1,700,4,'',1,700,4,'',1,700,4,'',1,4700,4,'',1,700,4,'',1,700,4,'',1,700,4,'',1,700,4,'',1,700,4,'',1,700,4,'',1,800,4,'',1,4800,4,'',1,300,4,'',1,1500,4,'',1,400,4,'',1,1000,4,'',1,1000,4,'',1,1000,4,'',1,5000,4,'',1,1000,4,'',1,1000,4,'',1,1000,4,'',1,1000,4,'',1,1100,4,'',1
'2901',93901,54910,4,'',1,800,4,'',1,4800,4,'',1,800,4,'',1,800,4,'',1,800,4,'',1,800,4,'',1,800,4,'',1,800,4,'',1,4800,4,'',1,800,4,'',1,400,4,'',1,800,4,'',1,200,4,'',1,12000,4,'',1,8800,4,'',1,7100,4,'',1,83300,4,'',1,8800,4,'',1
'3',93901,84810,4,'',1,800,4,'',1,5000,4,'',1,1000,4,'',1,1000,4,'',1,1000,4,'',1,1000,4,'',1,1000,4,'',1,5000,4,'',1,1000,4,'',1,1000,4,'',1,1000,4,'',1,1000,4,'',1,1000,4,'',1,5000,4,'',1,1000,4,'',1,1000,4,'',1,1000,4,'',1,1000,4,'',1,5500,4,'',1,900,4,'',1,1000,4,'',1,1000,4,'',1,1000,4,'',1,1000,4,'',1,5000,4,'',1,1000,4,'',1,1000,4,'',1,1000,4,'',1,1000,4,'',1,1000,4,'',1,5000,4,'',1,1000,4,'',1,1000,4,'',1,1000,4,'',1,1000,4,'',1,1000,4,'',1,5000,4,'',1,1000,4,'',1,1000,4,'',1,1000,4,'',1,1000,4,'',1,1000,4,'',1,5000,4,'',1,1000,4,'',1,1000,4,'',1,1000,4,'',1,1000,4,'',1,1000,4,'',1,5000,4,'',1,1000,4,'',1,1000,4,'',1,1000,4,'',1,1000,4,'',1,1000,4,'',1,5000,4,'',1,1000,4,'',1,1000,4,'',1,1000,4,'',1,1000,4,'',1,1000,4,'',1,5000,4,'',1,1000,4,'',1,1000,4,'',1,1000,4,'',1,1000,4,'',1,1000,4,'',1,5000,4,'',1,1000,4,'',1,1000,4,'',1,1000,4,'',1,1000,4,'',1,1000,4,'',1,500,4,'',1,5500,4,'',1,500,4,'',1,1500,4,'',1,500,4,'',1,1000,4,'',1,1000,4,'',1,5000,4,'',1,1000,4,'',1,1000,4,'',1,1000,4,'',1,1400,4,'',1
'4',93901,90610,4,'',1,1000,4,'',1,1000,4,'',1,1000,4,'',1,1000,4,'',1,1000,4,'',1,5000,4,'',1,1000,4,'',1,1000,4,'',1,1000,4,'',1,1000,4,'',1,1000,4,'',1,5000,4,'',1,1000,4,'',1,1000,4,'',1,1000,4,'',1,1000,4,'',1,5500,4,'',1,900,4,'',1,1000,4,'',1,1000,4,'',1,1000,4,'',1,1000,4,'',1,5000,4,'',1,1000,4,'',1,1000,4,'',1,1000,4,'',1,1000,4,'',1,1000,4,'',1,5000,4,'',1,1000,4,'',1,1000,4,'',1,1000,4,'',1,1000,4,'',1,1000,4,'',1,5000,4,'',1,1000,4,'',1,1000,4,'',1,1000,4,'',1,1000,4,'',1,1000,4,'',1,5000,4,'',1,1000,4,'',1,1000,4,'',1,1000,4,'',1,1000,4,'',1,1000,4,'',1,5000,4,'',1,1000,4,'',1,1000,4,'',1,1000,4,'',1,1000,4,'',1,1000,4,'',1,5000,4,'',1,1000,4,'',1,1000,4,'',1,1000,4,'',1,1000,4,'',1,1000,4,'',1,5000,4,'',1,1000,4,'',1,1000,4,'',1,1000,4,'',1,1000,4,'',1,1000,4,'',1,5000,4,'',1,1000,4,'',1,1000,4,'',1,1000,4,'',1,1000,4,'',1,1000,4,'',1,500,4,'',1,5500,4,'',1,500,4,'',1,1500,4,'',1,500,4,'',1,1000,4,'',1,1000,4,'',1,5000,4,'',1,1000,4,'',1,1000,4,'',1,1000,4,'',1,1400,4,'',1
'1',98501,60010,4,'',1,1200,4,'',1,1200,4,'',1,1200,4,'',1,6400,4,'',1,1200,4,'',1,300,4,'',1,2000,4,'',1,1700,4,'',1,5500,4,'',1,1500,4,'',1,1500,4,'',1,1300,4,'',1,200,4,'',1,5500,4,'',1,1200,4,'',1,1200,4,'',1,1200,4,'',1,1200,4,'',1,5200,4,'',1,1200,4,'',1,1200,4,'',1,1200,4,'',1,1200,4,'',1,5200,4,'',1,1200,4,'',1,1200,4,'',1,1200,4,'',1,1200,4,'',1,5200,4,'',1,1200,4,'',1,1200,4,'',1,1200,4,'',1,1200,4,'',1,5200,4,'',1,1200,4,'',1,1200,4,'',1,1200,4,'',1,1200,4,'',1,5200,4,'',1,1200,4,'',1,1200,4,'',1,1200,4,'',1,1200,4,'',1,5500,4,'',1,1500,4,'',1,1500,4,'',1,6000,4,'',1,1500,4,'',1,1500,4,'',1,1500,4,'',1,5500,4,'',1,1500,4,'',1,1500,4,'',1,1500,4,'',1,5500,4,'',1,1500,4,'',1,1500,4,'',1,1500,4,'',1,5500,4,'',1,1500,4,'',1,1500,4,'',1,1100,4,'',1,1100,4,'',1,5500,4,'',1,1500,4,'',1,1500,4,'',1,1500,4,'',1,5500,4,'',1,1500,4,'',1,1500,4,'',1,1500,4,'',1,5500,4,'',1,1500,4,'',1,1500,4,'',1,1200,4,'',1,5500,4,'',1,1500,4,'',1,1500,4,'',1,1500,4,'',1,5500,4,'',1,1500,4,'',1,1500,4,'',1,1500,4,'',1,5500,4,'',1,1700,4,'',1,1700,4,'',1
'2',98501,73410,4,'',1,1200,4,'',1,5500,4,'',1,1500,4,'',1,1500,4,'',1,1600,4,'',1,5500,4,'',1,1500,4,'',1,1500,4,'',1,1500,4,'',1,5500,4,'',1,1500,4,'',1,1500,4,'',1,1500,4,'',1,5500,4,'',1,1200,4,'',1,1300,4,'',1,1500,4,'',1,1500,4,'',1,5400,4,'',1,1500,4,'',1,1200,4,'',1,1300,4,'',1,5200,4,'',1,1300,4,'',1,1200,4,'',1,1300,4,'',1,1200,4,'',1,5300,4,'',1,1200,4,'',1,1300,4,'',1,1200,4,'',1,1300,4,'',1,5200,4,'',1,1300,4,'',1,1200,4,'',1,1300,4,'',1,1200,4,'',1,5300,4,'',1,1200,4,'',1,1300,4,'',1,1200,4,'',1,5300,4,'',1,1200,4,'',1,1300,4,'',1,1200,4,'',1,1300,4,'',1,5200,4,'',1,900,4,'',1,900,4,'',1,1300,4,'',1,1200,4,'',1,1300,4,'',1,5200,4,'',1,800,4,'',1,1200,4,'',1,1300,4,'',1,1300,4,'',1,5200,4,'',1,1200,4,'',1,1300,4,'',1,1200,4,'',1,1300,4,'',1,5200,4,'',1,1300,4,'',1,1200,4,'',1,1300,4,'',1,5200,4,'',1,1300,4,'',1,1200,4,'',1,700,4,'',1,1500,4,'',1,5500,4,'',1,1500,4,'',1,1500,4,'',1,1500,4,'',1,5500,4,'',1,1500,4,'',1,1400,4,'',1,1500,4,'',1,5500,4,'',1,1500,4,'',1,2100,4,'',1
'3',98501,83510,4,'',1,1300,4,'',1,1100,4,'',1,5100,4,'',1,1100,4,'',1,1300,4,'',1,1200,4,'',1,1300,4,'',1,5200,4,'',1,1300,4,'',1,1200,4,'',1,1300,4,'',1,5200,4,'',1,1300,4,'',1,1200,4,'',1,1300,4,'',1,1200,4,'',1,5300,4,'',1,1200,4,'',1,1200,4,'',1,1400,4,'',1,1200,4,'',1,5200,4,'',1,1700,4,'',1,1200,4,'',1,1300,4,'',1,5200,4,'',1,1300,4,'',1,1200,4,'',1,1300,4,'',1,1200,4,'',1,5300,4,'',1,1200,4,'',1,1300,4,'',1,1200,4,'',1,1300,4,'',1,5200,4,'',1,1300,4,'',1,1200,4,'',1,1300,4,'',1,1200,4,'',1,5300,4,'',1,1200,4,'',1,1300,4,'',1,1200,4,'',1,1300,4,'',1,5200,4,'',1,1300,4,'',1,1200,4,'',1,1300,4,'',1,5200,4,'',1,1300,4,'',1,1200,4,'',1,1300,4,'',1,1100,4,'',1,5400,4,'',1,1200,4,'',1,1300,4,'',1,1200,4,'',1,400,4,'',1,1500,4,'',1,5500,4,'',1,1500,4,'',1,1500,4,'',1,1500,4,'',1,5500,4,'',1,1500,4,'',1,1500,4,'',1,1500,4,'',1,5500,4,'',1,1500,4,'',1,1500,4,'',1,1500,4,'',1,5500,4,'',1,1500,4,'',1,1500,4,'',1,1500,4,'',1,5500,4,'',1,2300,4,'',1
'4',98501,83510,4,'',1,1300,4,'',1,1100,4,'',1,5100,4,'',1,1100,4,'',1,1300,4,'',1,1200,4,'',1,1300,4,'',1,5200,4,'',1,1300,4,'',1,1200,4,'',1,1300,4,'',1,5200,4,'',1,1300,4,'',1,1200,4,'',1,1300,4,'',1,1200,4,'',1,5300,4,'',1,1200,4,'',1,1200,4,'',1,1400,4,'',1,1200,4,'',1,5200,4,'',1,1700,4,'',1,1200,4,'',1,1300,4,'',1,5200,4,'',1,1300,4,'',1,1200,4,'',1,1300,4,'',1,1200,4,'',1,5300,4,'',1,1200,4,'',1,1300,4,'',1,1200,4,'',1,1300,4,'',1,5200,4,'',1,1300,4,'',1,1200,4,'',1,1300,4,'',1,1200,4,'',1,5300,4,'',1,1200,4,'',1,1300,4,'',1,1200,4,'',1,1300,4,'',1,5200,4,'',1,1300,4,'',1,1200,4,'',1,1300,4,'',1,5200,4,'',1,1300,4,'',1,1200,4,'',1,1300,4,'',1,1100,4,'',1,5400,4,'',1,1200,4,'',1,1300,4,'',1,1200,4,'',1,400,4,'',1,1500,4,'',1,5500,4,'',1,1500,4,'',1,1500,4,'',1,1500,4,'',1,5500,4,'',1,1500,4,'',1,1500,4,'',1,1500,4,'',1,5500,4,'',1,1500,4,'',1,1500,4,'',1,1500,4,'',1,5500,4,'',1,1500,4,'',1,1500,4,'',1,1500,4,'',1,5500,4,'',1,2300,4,'',1
