13400,'1',1108,,180122,2,0,31 39 10 15,1,15,,180099,2,0,31 39 10 15,1,15,,180117,2,0,31 39 10 15,1,15,,180105,2,0,31 39 10 15,1,55,,180058,2,0,31 39 10 15,1,15,,180086,2,0,31 39 10 15,1
13400,'2',534,,180147,2,0,31 39 10 15,1,69,,180144,2,0,31 39 10 15,1,20,,180155,2,0,31 39 10 15,1,20,,97889,2,0,31 39 10 15,1,60,,180143,2,0,31 39 10 15,1,20,,180160,2,0,31 39 10 15,1,20,,44623,2,0,31 39 10 15,1,60,,180131,2,0,31 39 10 15,1,20,,60070,2,0,31 39 10 15,1,20,,39553,2,0,31 39 10 15,1,60,,180145,2,0,31 39 10 15,1,20,,180132,2,0,31 39 10 15,1,20,,61557,2,0,31 39 10 15,1,60,,180165,2,0,31 39 10 15,1,20,,180163,2,0,31 39 10 15,1,20,,180137,2,0,31 39 10 15,1,60,,39014,2,0,31 39 10 15,1,20,,180140,2,0,31 39 10 15,1,20,,101182,2,0,31 39 10 15,1
13400,'3',734,,42795,2,0,31 39 10 15,1,18,,180215,2,0,31 39 10 15,1,58,,180207,2,0,31 39 10 15,1,18,,180196,2,0,31 39 10 15,1,18,,180202,2,0,31 39 10 15,1,58,,180185,2,0,31 39 10 15,1,18,,180203,2,0,31 39 10 15,1,18,,180174,2,0,31 39 10 15,1,18,,180190,2,0,31 39 10 15,1,58,,180201,2,0,31 39 10 15,1,18,,27749,2,0,31 39 10 15,1,18,,180195,2,0,31 39 10 15,1,58,,180173,2,0,31 39 10 15,1,18,,180213,2,0,31 39 10 15,1,18,,180176,2,0,31 39 10 15,1
13400,'5',734,,180250,2,0,31 39 10 15,1,18,,180226,2,0,31 39 10 15,1,58,,88258,2,0,31 39 10 15,1,18,,180253,2,0,31 39 10 15,1,18,,180246,2,0,31 39 10 15,1,58,,88291,2,0,31 39 10 15,1,18,,180222,2,0,31 39 10 15,1,18,,106623,2,0,31 39 10 15,1,18,,180236,2,0,31 39 10 15,1,58,,70031,2,0,31 39 10 15,1,18,,180247,2,0,31 39 10 15,1,18,,180232,2,0,31 39 10 15,1,58,,180237,2,0,31 39 10 15,1,18,,180227,2,0,31 39 10 15,1,18,,73767,2,0,31 39 10 15,1
33401,'1',331,,188157,6,0,17 154 8,1,70,,188146,6,0,17 154 8,1,30,,38397,6,0,17 154 8,1,2170,,188151,6,0,34 236 66,1,30,,188145,6,0,34 236 66,1,70,,188159,6,0,34 236 66,1
33401,'2',331,,188177,6,0,34 236 66,1,70,,188182,6,0,17 154 8,1,30,,92846,6,0,17 154 8,1,2170,,188163,6,0,34 236 66,1,30,,97044,6,0,34 236 66,1,70,,188161,6,0,34 236 66,1
33401,'3',331,,188207,6,0,34 236 66,1,70,,188188,6,0,34 236 66,1,30,,188197,6,0,34 52 53 8,1,27,,78441,6,0,34 52 53 8,1,60,,188214,6,0,34 52 53 8,1,20,,188201,6,0,34 52 53 8,1,20,,188219,6,0,34 52 53 8,1,60,,188216,6,0,34 52 53 8,1,17,,188212,6,0,17 154 8,1,1966,,188199,6,0,34 236 66,1,30,,188187,6,0,34 236 66,1,70,,188202,6,0,34 236 66,1
33401,'5',331,,188223,6,0,34 236 66,1,70,,52915,6,0,17 154 8,1,30,,188221,6,0,17 154 8,1,2170,,188236,6,0,34 236 66,1,30,,188237,6,0,34 236 66,1,70,,188231,6,0,34 236 66,1
35301,'1',357,,188924,6,0,11 12 14 78,1,70,,188925,6,0,11 12 14 78,1,30,,188931,6,0,11 12 14 78,1,2100,,188929,6,0,11 12 14 78,1,70,,188930,6,0,11 12 14 78,1,30,,188927,6,0,11 12 14 78,1,70,,32595,6,0,11 12 14 78,1
35301,'2',357,,188943,6,0,11 12 14 78,1,70,,188941,6,0,11 12 14 78,1,11,,188940,6,0,11 12 14 78,1,19,,188936,6,0,11 12 14 78,1,57,,43881,6,0,11 12 14 78,1,24,,188944,6,0,11 12 14 78,1,2019,,188933,6,0,11 12 14 78,1,70,,37707,6,0,11 12 14 78,1,30,,188934,6,0,11 12 14 78,1,70,,188938,6,0,11 12 14 78,1
35301,'3',357,,188950,6,0,11 12 14 78,1,70,,188954,6,0,11 12 14 78,1,30,,80345,6,0,11 12 14 78,1,70,,188949,6,0,11 12 14 78,1,30,,188959,6,0,11 12 14 78,1,70,,188951,6,0,11 12 14 78,1,1930,,188953,6,0,11 12 14 78,1,70,,188960,6,0,11 12 14 78,1,30,,188952,6,0,11 12 14 78,1,70,,188956,6,0,11 12 14 78,1
35301,'5',357,,188971,6,0,11 12 14 78,1,70,,188969,6,0,11 12 14 78,1,13,,60544,6,0,11 12 14 78,1,17,,188965,6,0,11 12 14 78,1,53,,188968,6,0,11 12 14 78,1,2047,,188961,6,0,11 12 14 78,1,70,,188962,6,0,11 12 14 78,1,30,,188967,6,0,11 12 14 78,1,70,,188970,6,0,11 12 14 78,1
