9703,'1',2519,,478768,49,4,,1,30,,568978,51,4,,1,58,,568944,49,4,,1,30,,475250,49,4,,1
9703,'2',2034,,569056,51,4,,1,297,,477767,49,4,,1,189,,434836,49,4,,1,30,,477268,51,4,,1,61,,569043,49,4,,1,22,,568997,49,4,,1
9703,'3',2520,,569113,49,4,,1,27,,449939,51,4,,1,62,,569076,49,4,,1,22,,569059,49,4,,1
9703,'5',2520,,569155,49,4,,1,27,,569145,51,4,,1,62,,569199,49,4,,1,22,,569140,49,4,,1
9801,'1',546,,569486,45,4,,1,70,,569504,45,4,,1,20,,503232,45,4,,1,65,,569506,45,4,,1,25,,569491,45,4,,1,29,,569489,45,4,,1,73,,569488,45,4,,1,30,,495553,45,4,,1,68,,569482,45,4,,1,24,,569497,45,4,,1,67,,569509,45,4,,1,27,,415528,45,4,,1,67,,569483,45,4,,1,27,,569503,45,4,,1,67,,569501,45,4,,1,27,,569496,45,4,,1,27,,569500,45,4,,1,67,,429330,45,4,,1,27,,569510,45,4,,1,67,,569507,45,4,,1,27,,569479,45,4,,1,75,,482837,45,4,,1,30,,425945,45,4,,1,70,,458073,45,4,,1,30,,569481,45,4,,1,70,,569499,45,4,,1,30,,569505,45,4,,1,66,,569487,45,4,,1,23,,569502,45,4,,1,65,,569484,45,4,,1,25,,569508,45,4,,1,25,,490880,45,4,,1,65,,569492,45,4,,1,25,,569498,45,4,,1,65,,470959,45,4,,1,25,,569494,45,4,,1,65,,401408,45,4,,1,22,,569495,45,4,,1,20,,444435,45,4,,1,62,,569480,45,4,,1,22,,417004,45,4,,1,22,,569493,45,4,,1,62,,497204,45,4,,1,22,,457464,45,4,,1,22,,569485,45,4,,1,60,,569490,45,4,,1
9801,'2',555,,569524,45,4,,1,66,,569532,45,4,,1,30,,569536,45,4,,1,70,,569533,45,4,,1,30,,569535,45,4,,1,70,,473736,45,4,,1,30,,569518,45,4,,1,70,,569528,45,4,,1,33,,510503,45,4,,1,66,,569517,45,4,,1,25,,462206,45,4,,1,65,,569540,45,4,,1,25,,569514,45,4,,1,65,,569513,45,4,,1,25,,569522,45,4,,1,27,,416709,45,4,,1,65,,569541,45,4,,1,25,,569531,45,4,,1,65,,569515,45,4,,1,25,,569530,45,4,,1,25,,443795,45,4,,1,65,,569538,45,4,,1,25,,569539,45,4,,1,65,,569527,45,4,,1,25,,569521,45,4,,1,65,,569534,45,4,,1,25,,480118,45,4,,1,25,,463000,45,4,,1,65,,569516,45,4,,1,25,,569537,45,4,,1,65,,569523,45,4,,1,25,,501692,45,4,,1,23,,401071,45,4,,1,65,,462311,45,4,,1,25,,569525,45,4,,1,65,,502549,45,4,,1,25,,448075,45,4,,1,24,,569529,45,4,,1,61,,476353,45,4,,1,25,,569526,45,4,,1,69,,569520,45,4,,1,30,,484221,45,4,,1,70,,569512,45,4,,1,30,,569519,45,4,,1,70,,494639,45,4,,1
9801,'3',807,,569559,45,4,,1,30,,569571,45,4,,1,70,,569550,45,4,,1,25,,569576,45,4,,1,25,,569553,45,4,,1,65,,569552,45,4,,1,25,,496187,45,4,,1,65,,569565,45,4,,1,25,,569560,45,4,,1,65,,387689,45,4,,1,25,,569572,45,4,,1,25,,569547,45,4,,1,64,,485256,45,4,,1,25,,569548,45,4,,1,65,,569554,45,4,,1,25,,569542,45,4,,1,25,,569543,45,4,,1,65,,569551,45,4,,1,25,,468807,45,4,,1,65,,569555,45,4,,1,25,,569546,45,4,,1,65,,569574,45,4,,1,25,,569568,45,4,,1,25,,569570,45,4,,1,65,,569566,45,4,,1,25,,569575,45,4,,1,65,,569557,45,4,,1,25,,421460,45,4,,1,23,,569561,45,4,,1,65,,569545,45,4,,1,25,,569562,45,4,,1,65,,569564,45,4,,1,27,,569569,45,4,,1,22,,466911,45,4,,1,64,,473418,45,4,,1,24,,569556,45,4,,1,69,,569558,45,4,,1,28,,569549,45,4,,1,70,,569567,45,4,,1,30,,569573,45,4,,1,70,,569563,45,4,,1
9801,'5',555,,569623,45,4,,1,70,,569607,45,4,,1,12,,569584,45,4,,1,65,,569622,45,4,,1,25,,569614,45,4,,1,25,,569615,45,4,,1,65,,569577,45,4,,1,25,,569608,45,4,,1,65,,569586,45,4,,1,25,,569579,45,4,,1,25,,569594,45,4,,1,65,,569601,45,4,,1,25,,569585,45,4,,1,65,,569620,45,4,,1,25,,569609,45,4,,1,65,,569599,45,4,,1,25,,569598,45,4,,1,25,,569603,45,4,,1,64,,569583,45,4,,1,25,,569613,45,4,,1,65,,569600,45,4,,1,25,,569612,45,4,,1,25,,569604,45,4,,1,65,,569582,45,4,,1,25,,569581,45,4,,1,65,,569588,45,4,,1,25,,569617,45,4,,1,65,,569580,45,4,,1,25,,569605,45,4,,1,25,,569619,45,4,,1,65,,569624,45,4,,1,25,,569616,45,4,,1,65,,569593,45,4,,1,25,,569596,45,4,,1,23,,569589,45,4,,1,65,,569595,45,4,,1,25,,569611,45,4,,1,65,,569587,45,4,,1,27,,569597,45,4,,1,22,,569578,45,4,,1,64,,569618,45,4,,1,24,,569610,45,4,,1,69,,569592,45,4,,1,28,,569606,45,4,,1,70,,569591,45,4,,1,30,,569621,45,4,,1,70,,569590,45,4,,1
9802,'1',510,,569651,1,0,167,1,18,,475992,1,0,167,1,25,,474118,1,0,167,1,65,,569639,1,0,167,1,25,,569643,1,0,167,1,65,,569649,1,0,167,1,28,,569653,1,0,167,1,70,,569628,1,0,167,1,30,,569638,1,0,167,1,68,,569657,1,0,167,1,27,,512280,1,0,167,1,27,,569634,1,0,167,1,67,,420153,1,0,167,1,27,,474121,1,0,167,1,67,,569656,1,0,167,1,27,,418034,1,0,167,1,67,,512235,1,0,167,1,27,,569625,1,0,167,1,67,,569642,1,0,167,1,27,,569637,1,0,167,1,67,,569655,1,0,167,1,27,,569633,1,0,167,1,72,,495801,1,0,167,1,30,,569641,1,0,167,1,70,,404773,1,0,167,1,30,,569654,1,0,167,1,70,,569631,1,0,167,1,30,,493816,1,0,167,1,70,,569650,1,0,167,1,23,,477639,1,0,167,1,25,,569645,1,0,167,1,65,,569630,1,0,167,1,25,,569652,1,0,167,1,65,,511158,1,0,167,1,25,,569629,1,0,167,1,25,,569636,1,0,167,1,65,,569632,1,0,167,1,25,,569626,1,0,167,1,64,,569646,1,0,167,1,22,,569644,1,0,167,1,22,,569648,1,0,167,1,62,,569635,1,0,167,1,22,,459362,1,0,167,1,22,,569647,1,0,167,1,63,,569640,1,0,167,1,26,,454347,1,0,167,1
9802,'2',527,,569692,1,0,167,1,30,,569670,1,0,167,1,70,,569684,1,0,167,1,30,,569661,1,0,167,1,70,,569683,1,0,167,1,30,,470659,1,0,167,1,70,,496237,1,0,167,1,30,,569689,1,0,167,1,65,,569658,1,0,167,1,21,,569669,1,0,167,1,65,,569688,1,0,167,1,25,,569675,1,0,167,1,25,,419221,1,0,167,1,65,,483729,1,0,167,1,25,,569691,1,0,167,1,64,,569667,1,0,167,1,23,,569680,1,0,167,1,65,,569677,1,0,167,1,25,,569668,1,0,167,1,25,,569678,1,0,167,1,65,,569679,1,0,167,1,25,,473161,1,0,167,1,65,,569671,1,0,167,1,25,,569663,1,0,167,1,25,,569685,1,0,167,1,65,,569686,1,0,167,1,25,,569664,1,0,167,1,65,,569682,1,0,167,1,25,,569665,1,0,167,1,65,,471253,1,0,167,1,25,,569672,1,0,167,1,25,,569662,1,0,167,1,66,,460936,1,0,167,1,25,,395138,1,0,167,1,65,,475814,1,0,167,1,25,,569673,1,0,167,1,25,,569659,1,0,167,1,65,,569666,1,0,167,1,25,,569660,1,0,167,1,74,,569674,1,0,167,1,30,,569687,1,0,167,1,70,,419966,1,0,167,1,30,,569676,1,0,167,1,70,,569690,1,0,167,1,27,,569681,1,0,167,1
9802,'3',737,,569719,1,0,167,1,70,,502595,1,0,167,1,20,,569697,1,0,167,1,25,,569705,1,0,167,1,66,,510563,1,0,167,1,24,,569720,1,0,167,1,65,,569710,1,0,167,1,25,,569704,1,0,167,1,25,,569721,1,0,167,1,65,,569701,1,0,167,1,25,,569726,1,0,167,1,65,,569695,1,0,167,1,23,,496404,1,0,167,1,65,,465996,1,0,167,1,25,,569702,1,0,167,1,25,,569699,1,0,167,1,65,,405621,1,0,167,1,25,,569724,1,0,167,1,65,,569723,1,0,167,1,25,,569698,1,0,167,1,25,,569715,1,0,167,1,65,,569725,1,0,167,1,25,,569717,1,0,167,1,65,,462581,1,0,167,1,25,,569716,1,0,167,1,65,,569696,1,0,167,1,25,,507615,1,0,167,1,25,,569707,1,0,167,1,66,,569700,1,0,167,1,25,,372748,1,0,167,1,65,,569703,1,0,167,1,25,,569694,1,0,167,1,25,,569709,1,0,167,1,65,,569706,1,0,167,1,28,,569708,1,0,167,1,73,,569713,1,0,167,1,28,,569712,1,0,167,1,70,,569722,1,0,167,1,30,,569711,1,0,167,1,70,,485246,1,0,167,1,28,,569714,1,0,167,1
9802,'5',525,,569754,1,0,167,1,11,,569731,1,0,167,1,65,,569728,1,0,167,1,25,,569756,1,0,167,1,25,,569736,1,0,167,1,65,,569769,1,0,167,1,25,,569750,1,0,167,1,65,,569774,1,0,167,1,25,,569772,1,0,167,1,25,,569744,1,0,167,1,63,,569757,1,0,167,1,23,,569727,1,0,167,1,65,,569748,1,0,167,1,25,,569773,1,0,167,1,25,,569765,1,0,167,1,65,,569766,1,0,167,1,25,,569760,1,0,167,1,65,,569743,1,0,167,1,23,,569734,1,0,167,1,65,,569763,1,0,167,1,25,,569759,1,0,167,1,25,,569770,1,0,167,1,65,,569739,1,0,167,1,25,,569767,1,0,167,1,65,,569742,1,0,167,1,25,,569764,1,0,167,1,25,,569753,1,0,167,1,65,,569752,1,0,167,1,25,,569747,1,0,167,1,65,,569762,1,0,167,1,25,,569745,1,0,167,1,65,,569751,1,0,167,1,25,,569735,1,0,167,1,25,,569761,1,0,167,1,66,,569746,1,0,167,1,25,,569758,1,0,167,1,65,,569768,1,0,167,1,25,,569740,1,0,167,1,25,,569729,1,0,167,1,65,,569771,1,0,167,1,28,,569737,1,0,167,1,73,,569755,1,0,167,1,28,,569730,1,0,167,1,70,,569738,1,0,167,1,30,,569732,1,0,167,1,70,,569741,1,0,167,1,28,,569733,1,0,167,1
32003,'1',2636,,384505,65,4,,1,3,,594595,65,4,,1,4,,407835,65,4,,1,5,,594574,65,4,,1,5,,594583,65,4,,1,5,,462658,65,4,,1,45,,385763,65,4,,1,5,,594600,65,4,,1,5,,594581,65,4,,1,5,,594594,65,4,,1,5,,512055,65,4,,1,5,,594588,65,4,,1,5,,594590,65,4,,1,5,,594576,65,4,,1,5,,594589,65,4,,1,5,,594592,65,4,,1,5,,594596,65,4,,1,5,,594580,65,4,,1,45,,594584,65,4,,1,16,,594593,65,4,,1,15,,594582,65,4,,1,15,,594577,65,4,,1,55,,464018,65,4,,1,15,,594598,65,4,,1
32003,'2',534,,594613,65,4,,1,2100,,594616,65,4,,1,4,,464587,65,4,,1,4,,594604,65,4,,1,5,,594628,65,4,,1,5,,594626,65,4,,1,5,,594627,65,4,,1,45,,403330,65,4,,1,5,,471239,65,4,,1,5,,594607,65,4,,1,5,,448451,65,4,,1,5,,594608,65,4,,1,5,,594630,65,4,,1,5,,594612,65,4,,1,5,,594615,65,4,,1,5,,430388,65,4,,1,5,,594611,65,4,,1,5,,594610,65,4,,1,5,,594614,65,4,,1,45,,511467,65,4,,1,5,,594609,65,4,,1,13,,462490,65,4,,1,16,,594606,65,4,,1,15,,594623,65,4,,1,55,,594624,65,4,,1,15,,594625,65,4,,1
32003,'3',536,,594670,65,4,,1,15,,508222,65,4,,1,55,,594673,65,4,,1,15,,594634,65,4,,1,15,,594663,65,4,,1,7,,472669,65,4,,1,6,,594674,65,4,,1,6,,594636,65,4,,1,46,,594631,65,4,,1,6,,594688,65,4,,1,6,,493016,65,4,,1,6,,594648,65,4,,1,6,,402543,65,4,,1,6,,594664,65,4,,1,6,,434537,65,4,,1,6,,594692,65,4,,1,6,,594667,65,4,,1,1883,,594693,65,4,,1,4,,594672,65,4,,1,4,,594656,65,4,,1,5,,594676,65,4,,1,5,,418237,65,4,,1,5,,594651,65,4,,1,45,,416457,65,4,,1,5,,594640,65,4,,1,5,,427539,65,4,,1,5,,594668,65,4,,1,5,,594686,65,4,,1,5,,594680,65,4,,1,5,,594684,65,4,,1,5,,594689,65,4,,1,5,,594649,65,4,,1,5,,405449,65,4,,1,5,,594633,65,4,,1,5,,594645,65,4,,1,45,,594655,65,4,,1,5,,594660,65,4,,1,14,,594650,65,4,,1,15,,436876,65,4,,1,15,,594641,65,4,,1,55,,594683,65,4,,1,15,,594638,65,4,,1
32003,'5',535,,594719,65,4,,1,2097,,594714,65,4,,1,4,,594730,65,4,,1,4,,594698,65,4,,1,5,,594706,65,4,,1,5,,594720,65,4,,1,5,,594721,65,4,,1,45,,594716,65,4,,1,5,,594707,65,4,,1,5,,594704,65,4,,1,5,,594726,65,4,,1,5,,594695,65,4,,1,5,,594722,65,4,,1,5,,594703,65,4,,1,5,,594696,65,4,,1,5,,594731,65,4,,1,5,,594701,65,4,,1,5,,594700,65,4,,1,5,,594710,65,4,,1,45,,594725,65,4,,1,5,,594697,65,4,,1,14,,594724,65,4,,1,15,,594723,65,4,,1,15,,594713,65,4,,1,55,,594708,65,4,,1,15,,594717,65,4,,1
32004,'1',341,,594754,1,0,11 12 138 139,1,15,,466689,1,0,11 12 138 139,1,54,,594748,1,0,11 12 138 139,1,14,,467626,1,0,11 12 138 139,1,14,,594741,1,0,11 12 138 139,1,15,,594734,1,0,11 12 138 139,1,55,,594759,1,0,11 12 138 139,1,2119,,511350,1,0,11 12 138 139,1,5,,594744,1,0,11 12 138 139,1,5,,409748,1,0,11 12 138 139,1,5,,594742,1,0,11 12 138 139,1,5,,455646,1,0,11 12 138 139,1,5,,594750,1,0,11 12 138 139,1,5,,594752,1,0,11 12 138 139,1,55,,594746,1,0,11 12 138 139,1,15,,594756,1,0,11 12 138 139,1
32004,'2',342,,594778,1,0,11 12 138 139,1,15,,594775,1,0,11 12 138 139,1,55,,416719,1,0,11 12 138 139,1,15,,594772,1,0,11 12 138 139,1,15,,594769,1,0,11 12 138 139,1,15,,594789,1,0,11 12 138 139,1,55,,428048,1,0,11 12 138 139,1,15,,504213,1,0,11 12 138 139,1,2095,,594779,1,0,11 12 138 139,1,5,,594768,1,0,11 12 138 139,1,5,,594780,1,0,11 12 138 139,1,5,,594790,1,0,11 12 138 139,1,5,,594788,1,0,11 12 138 139,1,5,,484296,1,0,11 12 138 139,1,5,,481456,1,0,11 12 138 139,1,5,,594763,1,0,11 12 138 139,1,56,,594773,1,0,11 12 138 139,1,15,,594784,1,0,11 12 138 139,1
32004,'3',342,,452698,1,0,11 12 138 139,1,15,,594812,1,0,11 12 138 139,1,55,,594832,1,0,11 12 138 139,1,15,,594850,1,0,11 12 138 139,1,15,,594805,1,0,11 12 138 139,1,15,,594826,1,0,11 12 138 139,1,55,,594860,1,0,11 12 138 139,1,15,,409251,1,0,11 12 138 139,1,6,,594825,1,0,11 12 138 139,1,5,,594823,1,0,11 12 138 139,1,5,,594798,1,0,11 12 138 139,1,5,,594828,1,0,11 12 138 139,1,5,,594839,1,0,11 12 138 139,1,5,,483211,1,0,11 12 138 139,1,46,,450036,1,0,11 12 138 139,1,6,,504759,1,0,11 12 138 139,1,6,,594801,1,0,11 12 138 139,1,6,,594816,1,0,11 12 138 139,1,6,,594820,1,0,11 12 138 139,1,6,,594829,1,0,11 12 138 139,1,6,,594800,1,0,11 12 138 139,1,6,,594815,1,0,11 12 138 139,1,6,,594841,1,0,11 12 138 139,1,6,,594834,1,0,11 12 138 139,1,46,,483431,1,0,11 12 138 139,1,6,,594814,1,0,11 12 138 139,1,6,,388987,1,0,11 12 138 139,1,6,,594835,1,0,11 12 138 139,1,6,,594853,1,0,11 12 138 139,1,6,,479781,1,0,11 12 138 139,1,1889,,594836,1,0,11 12 138 139,1,5,,594859,1,0,11 12 138 139,1,5,,468632,1,0,11 12 138 139,1,5,,594844,1,0,11 12 138 139,1,5,,594854,1,0,11 12 138 139,1,5,,594830,1,0,11 12 138 139,1,5,,594862,1,0,11 12 138 139,1,5,,594806,1,0,11 12 138 139,1,54,,594810,1,0,11 12 138 139,1,15,,594794,1,0,11 12 138 139,1
32004,'5',342,,594894,1,0,11 12 138 139,1,15,,594886,1,0,11 12 138 139,1,55,,594885,1,0,11 12 138 139,1,15,,594893,1,0,11 12 138 139,1,15,,594905,1,0,11 12 138 139,1,15,,594904,1,0,11 12 138 139,1,55,,594899,1,0,11 12 138 139,1,15,,594879,1,0,11 12 138 139,1,2096,,594878,1,0,11 12 138 139,1,5,,594906,1,0,11 12 138 139,1,5,,594867,1,0,11 12 138 139,1,5,,594908,1,0,11 12 138 139,1,5,,594902,1,0,11 12 138 139,1,5,,594900,1,0,11 12 138 139,1,5,,594875,1,0,11 12 138 139,1,5,,594896,1,0,11 12 138 139,1,54,,594865,1,0,11 12 138 139,1,15,,594892,1,0,11 12 138 139,1
