4103,'1',500,,304451,2,0,47 48 15,1,8,,304501,2,0,47 48 15,1,7,,304493,2,0,47 48 15,1,9,,304491,2,0,47 48 15,1,6,,304467,2,0,47 48 15,1,10,,304440,2,0,47 48 15,1
4103,'2',514,,304618,2,0,47 48 15,1,18,,304598,2,0,47 48 15,1
4103,'3',654,,304725,2,0,47 48 15,1,60,,304729,2,0,47 48 15,1,18,,304663,2,0,47 48 15,1,20,,304673,2,0,47 48 15,1
8903,'1',445,,332987,2,0,95 63,1,64,,332974,2,0,95 63,1,17,,332945,2,0,95 63,1
8903,'2',517,,333151,2,0,95 63,1,23,,333110,2,0,95 63,1
8903,'3',517,,333270,2,0,95 63,1,24,,333184,2,0,95 63,1,15,,333163,2,0,95 63,1,55,,333185,2,0,95 63,1,15,,333186,2,0,95 63,1,15,,333191,2,0,95 63,1,15,,333253,2,0,95 63,1,55,,333203,2,0,95 63,1,15,,333170,2,0,95 63,1,12,,333223,2,0,95 63,1,13,,333251,2,0,95 63,1
18902,'1',600,,359816,2,0,135 63,1,29,,359825,2,0,135 63,1,24,,359813,2,0,135 63,1,64,,359805,2,0,135 63,1,24,,359817,2,0,135 63,1,64,,359791,2,0,135 63,1,24,,359826,2,0,135 63,1,24,,359809,2,0,135 63,1,64,,359814,2,0,135 63,1,25,,359788,2,0,135 63,1,65,,359798,2,0,135 63,1,25,,359827,2,0,135 63,1,25,,359797,2,0,135 63,1,65,,359801,2,0,135 63,1,25,,359786,2,0,135 63,1,65,,359787,2,0,135 63,1,25,,359812,2,0,135 63,1,65,,359815,2,0,135 63,1,25,,359811,2,0,135 63,1,25,,359804,2,0,135 63,1,65,,359818,2,0,135 63,1,25,,359796,2,0,135 63,1,65,,359799,2,0,135 63,1,25,,359795,2,0,135 63,1,27,,359794,2,0,135 63,1,68,,359803,2,0,135 63,1,28,,359820,2,0,135 63,1,68,,359824,2,0,135 63,1,28,,359806,2,0,135 63,1,68,,359823,2,0,135 63,1,29,,359807,2,0,135 63,1,70,,359819,2,0,135 63,1,30,,359822,2,0,135 63,1,70,,359793,2,0,135 63,1,30,,359808,2,0,135 63,1,70,,359802,2,0,135 63,1,30,,359789,2,0,135 63,1,69,,359810,2,0,135 63,1,27,,359792,2,0,135 63,1,67,,359785,2,0,135 63,1,27,,359800,2,0,135 63,1,67,,359821,2,0,135 63,1,27,,359784,2,0,135 63,1,27,,359828,2,0,135 63,1
18902,'2',613,,359831,2,0,135 63,1,28,,359843,2,0,135 63,1,68,,359853,2,0,135 63,1,28,,359841,2,0,135 63,1,66,,359852,2,0,135 63,1,28,,359868,2,0,135 63,1,25,,359834,2,0,135 63,1,63,,359858,2,0,135 63,1,23,,359844,2,0,135 63,1,63,,359872,2,0,135 63,1,23,,359854,2,0,135 63,1,23,,359829,2,0,135 63,1,63,,359873,2,0,135 63,1,23,,359846,2,0,135 63,1,22,,359861,2,0,135 63,1,67,,359835,2,0,135 63,1,27,,359850,2,0,135 63,1,67,,359856,2,0,135 63,1,27,,359836,2,0,135 63,1,67,,359830,2,0,135 63,1,27,,359867,2,0,135 63,1,67,,359863,2,0,135 63,1,27,,359862,2,0,135 63,1,67,,359874,2,0,135 63,1,27,,359842,2,0,135 63,1,27,,359866,2,0,135 63,1,67,,359849,2,0,135 63,1,27,,359832,2,0,135 63,1,67,,359871,2,0,135 63,1,27,,359838,2,0,135 63,1,65,,359865,2,0,135 63,1,22,,359859,2,0,135 63,1,22,,359855,2,0,135 63,1,62,,359864,2,0,135 63,1,22,,359847,2,0,135 63,1,22,,359860,2,0,135 63,1,62,,359833,2,0,135 63,1,22,,359845,2,0,135 63,1,68,,359870,2,0,135 63,1,28,,359848,2,0,135 63,1,68,,359869,2,0,135 63,1,28,,359840,2,0,135 63,1,68,,359837,2,0,135 63,1,28,,359857,2,0,135 63,1,28,,359839,2,0,135 63,1
18902,'3',810,,359891,2,0,135 63,1,21,,359908,2,0,135 63,1,21,,359912,2,0,135 63,1,61,,359878,2,0,135 63,1,21,,359881,2,0,135 63,1,21,,359897,2,0,135 63,1,61,,359898,2,0,135 63,1,21,,359907,2,0,135 63,1,21,,359893,2,0,135 63,1,61,,359894,2,0,135 63,1,21,,359883,2,0,135 63,1,61,,359903,2,0,135 63,1,23,,359887,2,0,135 63,1,26,,359890,2,0,135 63,1,66,,359889,2,0,135 63,1,26,,359902,2,0,135 63,1,66,,359900,2,0,135 63,1,26,,359880,2,0,135 63,1,66,,359882,2,0,135 63,1,26,,359875,2,0,135 63,1,26,,359892,2,0,135 63,1,66,,359910,2,0,135 63,1,26,,359895,2,0,135 63,1,66,,359888,2,0,135 63,1,26,,359899,2,0,135 63,1,66,,359905,2,0,135 63,1,26,,359911,2,0,135 63,1,26,,359884,2,0,135 63,1,66,,359904,2,0,135 63,1,22,,359901,2,0,135 63,1,62,,359914,2,0,135 63,1,22,,359906,2,0,135 63,1,22,,359877,2,0,135 63,1,62,,359876,2,0,135 63,1,22,,359885,2,0,135 63,1,26,,359918,2,0,135 63,1,65,,359915,2,0,135 63,1,26,,359896,2,0,135 63,1,66,,359916,2,0,135 63,1,26,,359909,2,0,135 63,1,66,,359886,2,0,135 63,1,26,,359879,2,0,135 63,1,26,,359917,2,0,135 63,1
34103,'1',411,,363102,2,0,14 78,1,30,,363101,2,0,14 78,1,10,,363096,2,0,14 78,1,2190,,363099,2,0,14 78,1,70,,363098,2,0,14 78,1,30,,363100,2,0,14 78,1
34103,'2',411,,363104,2,0,14 78,1,30,,363103,2,0,14 78,1,18,,363107,2,0,14 78,1,2182,,363108,2,0,14 78,1,70,,363109,2,0,14 78,1,30,,363106,2,0,14 78,1
34103,'3',411,,363114,2,0,14 78,1,30,,363112,2,0,14 78,1,18,,363111,2,0,14 78,1,56,,363118,2,0,14 78,1,19,,363113,2,0,14 78,1,20,,363116,2,0,14 78,1,60,,363115,2,0,14 78,1,20,,363117,2,0,14 78,1,2007,,363120,2,0,14 78,1,70,,363121,2,0,14 78,1,30,,363119,2,0,14 78,1
