9601,'1',2628,,491148,72,4,,1
9601,'2',2628,,491258,72,4,,1
9601,'3',530,,491381,62,4,,1,12,,491400,62,4,,1,61,,491369,62,4,,1,14,,491360,67,4,,1,12,,491334,72,4,,1,12,,491365,67,4,,1,12,,451645,72,4,,1,52,,491372,67,4,,1,12,,491390,72,4,,1,12,,491404,67,4,,1,12,,491343,72,4,,1,1887,,424225,72,4,,1
32003,'1',526,,506707,47,4,,1
32003,'2',427,,506745,47,4,,1,15,,506743,47,4,,1,15,,436359,47,4,,1,55,,506732,47,4,,1,15,,506733,47,4,,1
32003,'3',428,,448211,47,4,,1,15,,506780,47,4,,1,15,,506754,47,4,,1,55,,506770,47,4,,1,15,,448171,47,4,,1,15,,506795,47,4,,1,15,,506750,47,4,,1,55,,506776,47,4,,1,11,,404467,47,4,,1,7,,506790,47,4,,1,5,,506773,47,4,,1,6,,506761,47,4,,1,6,,506762,47,4,,1,6,,506753,47,4,,1,46,,441379,47,4,,1,6,,506771,47,4,,1,6,,456390,47,4,,1,6,,506748,47,4,,1,6,,506766,47,4,,1,6,,408301,47,4,,1,6,,506785,47,4,,1,6,,410803,47,4,,1,6,,506779,47,4,,1
39601,'1',508,,507935,64,4,,1,2140,,450010,64,4,,1,60,,507938,64,4,,1,20,,386663,64,4,,1,20,,384527,64,4,,1,60,,420745,64,4,,1,20,,507936,64,4,,1,20,,507934,64,4,,1
39601,'2',508,,507941,64,4,,1,2140,,383401,64,4,,1,60,,507943,64,4,,1,20,,507944,64,4,,1,20,,507940,64,4,,1,60,,507939,64,4,,1,20,,507942,64,4,,1,20,,443289,64,4,,1
39601,'3',508,,507948,64,4,,1,2140,,507946,64,4,,1,60,,507949,64,4,,1,20,,507947,64,4,,1,20,,411968,64,4,,1,60,,507945,64,4,,1,20,,409209,64,4,,1,20,,399397,64,4,,1
99601,'1',515,,513251,4,0,39 10 8,1,10,,391746,4,0,39 10 8,1
