13403,'1',1105,,97737,29,0,31 16,1,14,,169358,29,0,31 16,1,15,,267631,29,0,31 16,1,15,,267625,29,0,31 16,1,55,,267633,29,0,31 16,1,15,,267681,29,0,31 16,1
13403,'2',530,,87567,7,0,31 16,1,28,,197025,7,0,31 16,1,62,,267728,29,0,31 16,1,18,,196756,29,0,31 16,1,20,,267713,29,0,31 16,1,60,,267725,29,0,31 16,1,20,,267703,29,0,31 16,1,20,,65229,29,0,31 16,1,60,,106828,29,0,31 16,1,20,,267717,29,0,31 16,1,20,,267696,29,0,31 16,1,60,,267698,29,0,31 16,1,20,,267731,29,0,31 16,1,20,,267685,29,0,31 16,1,60,,114889,29,0,31 16,1,20,,267721,29,0,31 16,1,20,,267689,29,0,31 16,1,60,,267723,29,0,31 16,1,20,,267726,29,0,31 16,1
13403,'3',822,,56637,29,0,31 16,1,21,,267750,29,0,31 16,1,58,,267760,29,0,31 16,1,18,,161247,29,0,31 16,1,18,,267758,29,0,31 16,1,18,,127138,29,0,31 16,1,58,,267734,29,0,31 16,1,18,,167019,29,0,31 16,1,18,,267739,29,0,31 16,1,58,,134886,29,0,31 16,1,18,,148986,29,0,31 16,1,18,,267754,29,0,31 16,1
13403,'5',822,,267778,29,0,31 16,1,21,,267773,29,0,31 16,1,58,,267780,29,0,31 16,1,18,,267788,29,0,31 16,1,18,,150885,29,0,31 16,1,18,,267789,29,0,31 16,1,58,,267795,29,0,31 16,1,18,,267811,29,0,31 16,1,18,,267776,29,0,31 16,1,58,,267793,29,0,31 16,1,18,,267800,29,0,31 16,1,18,,175199,29,0,31 16,1
33402,'1',329,,276749,2,0,17 154 8,1,30,,276743,2,0,17 154 8,1,70,,276748,2,0,17 154 8,1,2130,,187939,2,0,34 236 66,1,70,,276746,2,0,34 236 66,1,30,,276754,2,0,34 236 66,1,58,,276759,2,0,17 16,1,30,,276745,2,0,17 16,1,70,,276747,2,0,17 16,1,30,,276758,2,0,17 16,1,70,,276738,2,0,17 16,1,30,,276744,2,0,17 16,1
33402,'2',329,,153240,2,0,34 236 66,1,30,,276777,2,0,17 154 8,1,70,,276773,2,0,17 154 8,1,2130,,276775,2,0,34 236 66,1,70,,112988,2,0,34 236 66,1,30,,276771,2,0,34 236 66,1,58,,133735,2,0,17 16,1,30,,276767,2,0,17 16,1,70,,276776,2,0,17 16,1,30,,155055,2,0,17 16,1,70,,138443,2,0,17 16,1,30,,276772,2,0,17 16,1
33402,'3',329,,276793,2,0,34 236 66,1,30,,276783,2,0,34 236 66,1,70,,276797,2,0,34 52 53 8,1,27,,276787,2,0,34 52 53 8,1,60,,276798,2,0,34 52 53 8,1,20,,276796,2,0,34 52 53 8,1,20,,276780,2,0,34 52 53 8,1,60,,276782,2,0,34 52 53 8,1,17,,276805,2,0,17 154 8,1,14,,134779,2,0,17 16,1,64,,276784,2,0,17 16,1,23,,276790,2,0,17 16,1,20,,276785,2,0,17 16,1,1805,,276806,2,0,34 236 66,1,70,,121726,2,0,34 236 66,1,30,,131109,2,0,34 236 66,1,58,,276789,2,0,17 16,1,30,,276802,2,0,17 16,1,70,,174620,2,0,17 16,1,30,,148990,2,0,17 16,1,70,,124233,2,0,17 16,1,30,,92280,2,0,17 16,1
33402,'5',329,,276814,2,0,34 236 66,1,30,,276811,2,0,17 154 8,1,70,,176212,2,0,17 154 8,1,2130,,276822,2,0,34 236 66,1,70,,276815,2,0,34 236 66,1,30,,276827,2,0,34 236 66,1,58,,276828,2,0,17 16,1,30,,276818,2,0,17 16,1,70,,276813,2,0,17 16,1,30,,145486,2,0,17 16,1,70,,162283,2,0,17 16,1,30,,276816,2,0,17 16,1
35302,'1',352,,277523,2,0,11 12 14 78,1,70,,277524,2,0,11 12 14 78,1,30,,277526,2,0,11 12 14 78,1,100,,277525,2,0,11 12 14 78,1,70,,277519,2,0,11 12 14 78,1,30,,277522,2,0,11 12 14 78,1,1900,,277528,2,0,11 12 14 78,1,70,,277529,2,0,11 12 14 78,1,30,,116598,2,0,11 12 14 78,1,70,,277527,2,0,11 12 14 78,1,30,,277521,2,0,11 12 14 78,1,70,,191764,2,0,11 12 14 78,1,30,,177895,2,0,11 12 14 78,1,70,,277520,2,0,11 12 14 78,1
35302,'2',352,,179931,2,0,11 12 14 78,1,70,,53193,2,0,11 12 14 78,1,11,,277538,2,0,11 12 14 78,1,19,,137219,2,0,11 12 14 78,1,57,,277539,2,0,11 12 14 78,1,24,,277531,2,0,11 12 14 78,1,19,,277535,2,0,11 12 14 78,1,2000,,277530,2,0,11 12 14 78,1,70,,277534,2,0,11 12 14 78,1,30,,277533,2,0,11 12 14 78,1,70,,26625,2,0,11 12 14 78,1,30,,277537,2,0,11 12 14 78,1,70,,161224,2,0,11 12 14 78,1,30,,277532,2,0,11 12 14 78,1,70,,277536,2,0,11 12 14 78,1
35302,'3',352,,277552,2,0,11 12 14 78,1,70,,277546,2,0,11 12 14 78,1,30,,277543,2,0,11 12 14 78,1,70,,277544,2,0,11 12 14 78,1,30,,131128,2,0,11 12 14 78,1,70,,277551,2,0,11 12 14 78,1,30,,277554,2,0,11 12 14 78,1,70,,277541,2,0,11 12 14 78,1,30,,195053,2,0,11 12 14 78,1,1800,,277545,2,0,11 12 14 78,1,70,,277540,2,0,11 12 14 78,1,30,,277553,2,0,11 12 14 78,1,70,,277550,2,0,11 12 14 78,1,30,,277547,2,0,11 12 14 78,1,70,,277548,2,0,11 12 14 78,1,30,,277542,2,0,11 12 14 78,1,70,,152631,2,0,11 12 14 78,1
35302,'5',352,,181248,2,0,11 12 14 78,1,70,,277555,2,0,11 12 14 78,1,13,,119013,2,0,11 12 14 78,1,17,,277558,2,0,11 12 14 78,1,53,,277556,2,0,11 12 14 78,1,47,,277566,2,0,11 12 14 78,1,70,,277562,2,0,11 12 14 78,1,1930,,277563,2,0,11 12 14 78,1,70,,145171,2,0,11 12 14 78,1,30,,277561,2,0,11 12 14 78,1,70,,277557,2,0,11 12 14 78,1,30,,277564,2,0,11 12 14 78,1,70,,277559,2,0,11 12 14 78,1,30,,277565,2,0,11 12 14 78,1,70,,277560,2,0,11 12 14 78,1
