13403,'1',1106,,179922,31,0,31 16,1,14,,179910,31,0,31 16,1,15,,179869,31,0,31 16,1,15,,179860,31,0,31 16,1,55,,179915,31,0,31 16,1,15,,179865,31,0,31 16,1
13403,'2',531,,29550,9,0,31 16,1,28,,179924,9,0,31 16,1,62,,16171,31,0,31 16,1,18,,179969,31,0,31 16,1,20,,179943,31,0,31 16,1,60,,179960,31,0,31 16,1,20,,179946,31,0,31 16,1,20,,179954,31,0,31 16,1,60,,46649,31,0,31 16,1,20,,78906,31,0,31 16,1,20,,179942,31,0,31 16,1,60,,179932,31,0,31 16,1,20,,39491,31,0,31 16,1,20,,179965,31,0,31 16,1,60,,19473,31,0,31 16,1,20,,179925,31,0,31 16,1,20,,37558,31,0,31 16,1,60,,179961,31,0,31 16,1,20,,179936,31,0,31 16,1
13403,'3',823,,179996,31,0,31 16,1,21,,180001,31,0,31 16,1,58,,180011,31,0,31 16,1,18,,180007,31,0,31 16,1,18,,108197,31,0,31 16,1,18,,179992,31,0,31 16,1,58,,179984,31,0,31 16,1,18,,179995,31,0,31 16,1,18,,35548,31,0,31 16,1,58,,88654,31,0,31 16,1,18,,1553,31,0,31 16,1,18,,180014,31,0,31 16,1
13403,'5',823,,180036,31,0,31 16,1,21,,180020,31,0,31 16,1,58,,180030,31,0,31 16,1,18,,180041,31,0,31 16,1,18,,180019,31,0,31 16,1,18,,180043,31,0,31 16,1,58,,180034,31,0,31 16,1,18,,27937,31,0,31 16,1,18,,180027,31,0,31 16,1,58,,180045,31,0,31 16,1,18,,14813,31,0,31 16,1,18,,36251,31,0,31 16,1
33402,'1',330,,188157,4,0,17 154 8,1,70,,188146,4,0,17 154 8,1,30,,38397,4,0,17 154 8,1,2170,,188151,4,0,34 236 66,1,30,,188145,4,0,34 236 66,1,70,,188159,4,0,34 236 66,1,18,,76613,4,0,17 16,1,30,,108895,4,0,17 16,1,70,,188152,4,0,17 16,1,30,,188155,4,0,17 16,1,70,,60614,4,0,17 16,1,30,,188140,4,0,17 16,1
33402,'2',330,,188177,4,0,34 236 66,1,70,,188182,4,0,17 154 8,1,30,,92846,4,0,17 154 8,1,2170,,188163,4,0,34 236 66,1,30,,97044,4,0,34 236 66,1,70,,188161,4,0,34 236 66,1,18,,188164,4,0,17 16,1,30,,188160,4,0,17 16,1,70,,188179,4,0,17 16,1,30,,188178,4,0,17 16,1,70,,188168,4,0,17 16,1,30,,188169,4,0,17 16,1
33402,'3',330,,188207,4,0,34 236 66,1,70,,188188,4,0,34 236 66,1,30,,188197,4,0,34 52 53 8,1,27,,78441,4,0,34 52 53 8,1,60,,188214,4,0,34 52 53 8,1,20,,188201,4,0,34 52 53 8,1,20,,188219,4,0,34 52 53 8,1,60,,188216,4,0,34 52 53 8,1,17,,188212,4,0,17 154 8,1,14,,188210,4,0,17 16,1,64,,188192,4,0,17 16,1,23,,188204,4,0,17 16,1,20,,188196,4,0,17 16,1,1845,,188199,4,0,34 236 66,1,30,,188187,4,0,34 236 66,1,70,,188202,4,0,34 236 66,1,18,,188211,4,0,17 16,1,30,,188184,4,0,17 16,1,70,,188200,4,0,17 16,1,30,,188217,4,0,17 16,1,70,,96665,4,0,17 16,1,30,,188213,4,0,17 16,1
33402,'5',330,,188223,4,0,34 236 66,1,70,,52915,4,0,17 154 8,1,30,,188221,4,0,17 154 8,1,2170,,188236,4,0,34 236 66,1,30,,188237,4,0,34 236 66,1,70,,188231,4,0,34 236 66,1,18,,188238,4,0,17 16,1,30,,17793,4,0,17 16,1,70,,188235,4,0,17 16,1,30,,188222,4,0,17 16,1,70,,188224,4,0,17 16,1,30,,34068,4,0,17 16,1
35302,'1',355,,188924,4,0,11 12 14 78,1,70,,188925,4,0,11 12 14 78,1,30,,188931,4,0,11 12 14 78,1,100,,188922,4,0,11 12 14 78,1,70,,42215,4,0,11 12 14 78,1,30,,102303,4,0,11 12 14 78,1,1900,,188929,4,0,11 12 14 78,1,70,,188930,4,0,11 12 14 78,1,30,,188927,4,0,11 12 14 78,1,70,,32595,4,0,11 12 14 78,1,30,,188923,4,0,11 12 14 78,1,70,,188926,4,0,11 12 14 78,1,30,,188932,4,0,11 12 14 78,1,70,,188928,4,0,11 12 14 78,1
35302,'2',355,,188943,4,0,11 12 14 78,1,70,,188941,4,0,11 12 14 78,1,11,,188940,4,0,11 12 14 78,1,19,,188936,4,0,11 12 14 78,1,57,,43881,4,0,11 12 14 78,1,24,,188944,4,0,11 12 14 78,1,19,,25211,4,0,11 12 14 78,1,2000,,188933,4,0,11 12 14 78,1,70,,37707,4,0,11 12 14 78,1,30,,188934,4,0,11 12 14 78,1,70,,188938,4,0,11 12 14 78,1,30,,188937,4,0,11 12 14 78,1,70,,188939,4,0,11 12 14 78,1,30,,188942,4,0,11 12 14 78,1,70,,188935,4,0,11 12 14 78,1
35302,'3',355,,188950,4,0,11 12 14 78,1,70,,188954,4,0,11 12 14 78,1,30,,80345,4,0,11 12 14 78,1,70,,188949,4,0,11 12 14 78,1,30,,188946,4,0,11 12 14 78,1,70,,188951,4,0,11 12 14 78,1,30,,188958,4,0,11 12 14 78,1,70,,102117,4,0,11 12 14 78,1,30,,188948,4,0,11 12 14 78,1,1800,,188953,4,0,11 12 14 78,1,70,,188960,4,0,11 12 14 78,1,30,,188952,4,0,11 12 14 78,1,70,,188956,4,0,11 12 14 78,1,30,,188955,4,0,11 12 14 78,1,70,,188945,4,0,11 12 14 78,1,30,,188957,4,0,11 12 14 78,1,70,,188947,4,0,11 12 14 78,1
35302,'5',355,,188971,4,0,11 12 14 78,1,70,,188969,4,0,11 12 14 78,1,13,,60544,4,0,11 12 14 78,1,17,,188965,4,0,11 12 14 78,1,53,,188968,4,0,11 12 14 78,1,47,,188964,4,0,11 12 14 78,1,70,,58725,4,0,11 12 14 78,1,1930,,188961,4,0,11 12 14 78,1,70,,188962,4,0,11 12 14 78,1,30,,188967,4,0,11 12 14 78,1,70,,188970,4,0,11 12 14 78,1,30,,10946,4,0,11 12 14 78,1,70,,188963,4,0,11 12 14 78,1,30,,188966,4,0,11 12 14 78,1,70,,100830,4,0,11 12 14 78,1
