13403,'1',501,,67534,0,34 88,1,18,,67486,0,34 88,1,18,,67498,0,34 88,1,15,,67476,0,34 88,1,53,,67538,0,34 88,1,15,,67527,0,34 88,1,15,,67492,0,34 88,1,15,,67477,0,34 88,1,55,,67500,0,34 88,1,15,,67468,0,34 88,1,15,,67461,0,34 88,1,15,,67469,0,34 88,1,55,,67491,0,34 88,1,15,,67509,0,34 88,1,15,,67489,0,34 88,1,15,,67507,0,34 88,1,55,,67524,0,34 88,1,15,,67516,0,34 88,1,15,,67513,0,34 88,1,15,,67460,0,34 88,1,55,,67501,0,34 88,1,15,,67462,0,34 88,1,15,,67530,0,34 88,1,16,,67484,0,34 88,1
13404,'1',1237,,67697,0,31 38 10 15,1,15,,67705,0,31 38 10 15,1,55,,67734,0,31 38 10 15,1,15,,67661,0,31 38 10 15,1,15,,67683,0,31 38 10 15,1,15,,67715,0,31 38 10 15,1,55,,67665,0,31 38 10 15,1,15,,67713,0,31 38 10 15,1,14,,67680,0,31 38 10 15,1,15,,67736,0,31 38 10 15,1,57,,67666,0,38 10 15,1,13,,67714,0,38 10 15,1,16,,67658,0,38 10 15,1,14,,67730,0,38 10 15,1,55,,67726,0,38 10 15,1,15,,67694,0,38 10 15,1,15,,67667,0,38 10 15,1,15,,67723,0,38 10 15,1,55,,67702,0,38 10 15,1,15,,67718,0,38 10 15,1,15,,67681,0,38 10 15,1,15,,67719,0,38 10 15,1,55,,67685,0,38 10 15,1,15,,67722,0,38 10 15,1,15,,67716,0,38 10 15,1,15,,67699,0,38 10 15,1,55,,67707,0,31 38 10 15,1,15,,67692,0,31 38 10 15,1,15,,67706,0,31 38 10 15,1,15,,67724,0,31 38 10 15,1,55,,67660,0,31 38 10 15,1,15,,67727,0,31 38 10 15,1,15,,67720,0,31 38 10 15,1,15,,67708,0,31 38 10 15,1,55,,67725,0,31 38 10 15,1,15,,67709,0,31 38 10 15,1,15,,67684,0,31 38 10 15,1,15,,67674,0,31 38 10 15,1,55,,67695,0,31 38 10 15,1,15,,67677,0,31 38 10 15,1,15,,67686,0,31 38 10 15,1,15,,67691,0,31 38 10 15,1,55,,67696,0,31 38 10 15,1,15,,67670,0,31 38 10 15,1,15,,67701,0,31 38 10 15,1,21,,67733,0,31 38 10 15,1,65,,67688,0,31 38 10 15,1,25,,67704,0,31 38 10 15,1,65,,67678,0,31 38 10 15,1,25,,67703,0,31 38 10 15,1
13404,'2',1208,,67738,0,31 38 10 15,1,15,,67785,0,31 38 10 15,1,15,,67786,0,31 38 10 15,1,15,,67774,0,31 38 10 15,1,55,,67752,0,31 38 10 15,1,15,,67755,0,31 38 10 15,1,15,,67767,0,31 38 10 15,1,15,,67797,0,31 38 10 15,1,55,,67800,0,31 38 10 15,1,15,,67789,0,31 38 10 15,1,15,,67764,0,31 38 10 15,1,15,,67777,0,31 38 10 15,1,55,,67743,0,31 38 10 15,1,15,,67796,0,31 38 10 15,1,15,,67741,0,31 38 10 15,1,15,,67775,0,31 38 10 15,1,55,,67745,0,31 38 10 15,1,15,,67758,0,31 38 10 15,1,15,,67744,0,31 38 10 15,1,15,,67779,0,31 38 10 15,1,55,,67778,0,31 38 10 15,1,15,,67793,0,31 38 10 15,1,15,,67750,0,31 38 10 15,1,15,,67798,0,31 38 10 15,1,55,,67801,0,31 38 10 15,1,15,,67753,0,31 38 10 15,1,15,,67799,0,31 38 10 15,1,14,,67737,0,31 38 10 15,1,55,,67765,0,31 38 10 15,1,18,,67766,0,31 38 10 15,1,20,,67790,0,31 38 10 15,1,60,,67781,0,31 38 10 15,1,20,,67776,0,31 38 10 15,1,20,,67782,0,31 38 10 15,1,60,,67757,0,31 38 10 15,1,20,,67791,0,31 38 10 15,1,20,,67784,0,31 38 10 15,1,60,,67768,0,31 38 10 15,1,19,,67751,0,31 38 10 15,1,25,,67749,0,31 38 10 15,1,65,,67770,0,31 38 10 15,1,25,,67772,0,31 38 10 15,1,65,,67754,0,31 38 10 15,1,25,,67756,0,31 38 10 15,1,25,,67759,0,31 38 10 15,1,65,,67771,0,31 38 10 15,1
13404,'3',1205,,67818,0,31 38 10 15,1,18,,67834,0,31 38 10 15,1,18,,67808,0,31 38 10 15,1,18,,67843,0,31 38 10 15,1,58,,67832,0,31 38 10 15,1,18,,67819,0,31 38 10 15,1,18,,67850,0,31 38 10 15,1,58,,67833,0,31 38 10 15,1,18,,67813,0,31 38 10 15,1,18,,67812,0,31 38 10 15,1,58,,67810,0,31 38 10 15,1,18,,67830,0,31 38 10 15,1,18,,67807,0,31 38 10 15,1,18,,67845,0,31 38 10 15,1,58,,67823,0,31 38 10 15,1,18,,67848,0,31 38 10 15,1,18,,67804,0,31 38 10 15,1,58,,67837,0,31 38 10 15,1,18,,67821,0,31 38 10 15,1,18,,67824,0,31 38 10 15,1,58,,67826,0,31 38 10 15,1,18,,67811,0,31 38 10 15,1,25,,67838,0,31 38 10 15,1,65,,67835,0,31 38 10 15,1,25,,67846,0,31 38 10 15,1,65,,67840,0,31 38 10 15,1,25,,67809,0,31 38 10 15,1,25,,67820,0,31 38 10 15,1,65,,67852,0,31 38 10 15,1,25,,67828,0,31 38 10 15,1,65,,67847,0,31 38 10 15,1,25,,67822,0,31 38 10 15,1,25,,67827,0,31 38 10 15,1,65,,67814,0,31 38 10 15,1,25,,67839,0,31 38 10 15,1,65,,67806,0,31 38 10 15,1,25,,67849,0,31 38 10 15,1,65,,67841,0,31 38 10 15,1
33901,'1',331,,74668,0,11 12 176 65,1,20,,74678,0,11 12 176 65,1,60,,74676,0,11 12 176 65,1,20,,74681,0,11 12 176 65,1,10,,74680,0,11 12 176 65,1,160,,74675,0,11 12 176 65,1,2119,,74673,0,11 12 176 65,1,20,,74669,0,11 12 176 65,1,60,,74677,0,11 12 176 65,1,20,,74672,0,11 12 176 65,1,20,,74671,0,11 12 176 65,1,60,,74679,0,11 12 176 65,1,20,,74670,0,11 12 176 65,1,20,,74674,0,11 12 176 65,1
33901,'2',331,,74694,0,11 12 176 65,1,20,,74686,0,11 12 176 65,1,60,,74693,0,11 12 176 65,1,20,,74689,0,11 12 176 65,1,15,,74687,0,11 12 176 65,1,157,,74683,0,11 12 176 65,1,2117,,74691,0,11 12 176 65,1,20,,74685,0,11 12 176 65,1,60,,74692,0,11 12 176 65,1,20,,74688,0,11 12 176 65,1,20,,74690,0,11 12 176 65,1,60,,74695,0,11 12 176 65,1,20,,74682,0,11 12 176 65,1,20,,74684,0,11 12 176 65,1
33901,'3',331,,74696,0,11 12 176 65,1,20,,74698,0,11 12 176 65,1,60,,74700,0,11 12 176 65,1,20,,74705,0,11 12 176 65,1,15,,74702,0,11 12 176 65,1,163,,74699,0,11 12 176 65,1,2111,,74704,0,11 12 176 65,1,20,,74697,0,11 12 176 65,1,60,,74701,0,11 12 176 65,1,20,,74708,0,11 12 176 65,1,20,,74709,0,11 12 176 65,1,60,,74703,0,11 12 176 65,1,20,,74706,0,11 12 176 65,1,20,,74707,0,11 12 176 65,1
33902,'1',2611,,74719,0,11 12 16 15,1,20,,74724,0,11 12 16 15,1,20,,74726,0,11 12 16 15,1,60,,74713,0,11 12 16 15,1
33902,'2',2611,,74741,0,11 12 16 15,1,20,,74738,0,11 12 16 15,1,20,,74729,0,11 12 16 15,1,60,,74737,0,11 12 16 15,1
33902,'3',2611,,74760,0,11 12 16 15,1,20,,74755,0,11 12 16 15,1,20,,74757,0,11 12 16 15,1,60,,74751,0,11 12 16 15,1
