4104,'1',2640,,533164,58,4,,1,70,,533216,58,4,,1
4104,'2',2640,,533269,58,4,,1,70,,533306,58,4,,1
4104,'3',2640,,533334,58,4,,1,70,,533364,58,4,,1
4104,'5',2640,,533450,58,4,,1,70,,533416,58,4,,1
8904,'1',511,,563369,44,4,,1,2108,,563392,44,4,,1,15,,509687,44,4,,1
8904,'2',2619,,563505,44,4,,1,15,,563502,44,4,,1
8904,'3',543,,563628,40,4,,1,15,,563610,40,4,,1,54,,563556,44,4,,1,15,,563544,44,4,,1,15,,486042,44,4,,1,15,,563547,44,4,,1,55,,563561,44,4,,1,15,,563620,44,4,,1,15,,384916,44,4,,1,1877,,563618,44,4,,1,15,,563627,44,4,,1
8904,'5',2619,,563748,44,4,,1,15,,563700,44,4,,1
34104,'1',524,,474279,55,4,,1,2216,,595870,55,4,,1,70,,595871,55,4,,1,30,,595873,55,4,,1,70,,595872,55,4,,1
34104,'2',540,,595875,55,4,,1,2200,,595874,55,4,,1,70,,595876,55,4,,1,30,,482706,55,4,,1,70,,462497,55,4,,1
34104,'3',541,,504668,55,4,,1,59,,504478,55,4,,1,20,,595881,55,4,,1,20,,595878,55,4,,1,60,,595877,55,4,,1,20,,429545,55,4,,1,20,,445016,55,4,,1,2000,,595880,55,4,,1,70,,595879,55,4,,1,30,,465625,55,4,,1,70,,595882,55,4,,1
34104,'5',540,,595886,55,4,,1,2200,,595887,55,4,,1,70,,595883,55,4,,1,30,,595884,55,4,,1,70,,595885,55,4,,1
