11203,'1',544,,576386,29,0,28 166 63,1,58,,576375,29,0,28 166 63,1,19,,576347,66,0,28 166 63,1,20,,576383,65,0,28 166 63,1,62,,576387,65,0,28 166 63,1,22,,576406,65,0,28 166 63,1,22,,576378,65,0,28 166 63,1,62,,576401,65,0,28 166 63,1,22,,576350,65,0,28 166 63,1,22,,576351,65,0,28 166 63,1,62,,576405,65,0,28 166 63,1,22,,510203,65,0,28 166 63,1,18,,576371,65,0,28 166 63,1,66,,459812,65,0,28 166 63,1,25,,576360,65,0,28 166 63,1,66,,495133,65,0,28 166 63,1,26,,576373,65,0,28 166 63,1,66,,471506,65,0,28 166 63,1,26,,378495,65,0,28 166 63,1
11203,'2',559,,576436,29,0,28 166 63,1,61,,491001,29,0,28 166 63,1,20,,465044,65,0,28 166 63,1,78,,576412,65,0,28 166 63,1,28,,485542,65,0,28 166 63,1,68,,576425,65,0,28 166 63,1,28,,576450,65,0,28 166 63,1,68,,576427,65,0,28 166 63,1,17,,576423,65,0,28 166 63,1,19,,576417,65,0,28 166 63,1,59,,576454,65,0,28 166 63,1,19,,576408,65,0,28 166 63,1,19,,375995,65,0,28 166 63,1,59,,576414,65,0,28 166 63,1,19,,576410,65,0,28 166 63,1,19,,576431,65,0,28 166 63,1,19,,503011,65,0,28 166 63,1,59,,439829,65,0,28 166 63,1,19,,576444,65,0,28 166 63,1
11203,'3',810,,576460,29,0,28 166 63,1,35,,576483,65,0,28 166 63,1,58,,576484,65,0,28 166 63,1,30,,576481,65,0,28 166 63,1,70,,576461,65,0,28 166 63,1,30,,576474,65,0,28 166 63,1,70,,576488,65,0,28 166 63,1,30,,422467,65,0,28 166 63,1,70,,576462,65,0,28 166 63,1,30,,576491,65,0,28 166 63,1
11203,'5',614,,576523,29,0,28 166 63,1,28,,576517,65,0,28 166 63,1,63,,576538,65,0,28 166 63,1,28,,576500,65,0,28 166 63,1,70,,576510,65,0,28 166 63,1,30,,576531,65,0,28 166 63,1,70,,576534,65,0,28 166 63,1,30,,576498,65,0,28 166 63,1,70,,576494,65,0,28 166 63,1,30,,576526,65,0,28 166 63,1,70,,576530,65,0,28 166 63,1,30,,576524,65,0,28 166 63,1,70,,576522,65,0,28 166 63,1,30,,576502,65,0,28 166 63,1
11204,'1',1316,,576596,26,0,73 15,1,24,,576543,26,0,73 15,1,64,,576561,26,0,73 15,1,24,,483661,26,0,73 15,1,24,,576586,26,0,73 15,1,64,,576578,26,0,73 15,1,24,,486488,26,0,73 15,1,64,,576565,26,0,73 15,1,24,,391523,26,0,73 15,1,24,,495516,26,0,73 15,1,64,,576584,26,0,73 15,1,24,,576572,26,0,73 15,1,64,,481971,26,0,73 15,1,21,,488076,26,0,73 15,1,21,,377631,26,0,73 15,1,57,,576570,26,0,73 15,1,20,,576594,26,0,73 15,1,20,,576580,26,0,73 15,1,60,,480588,26,0,73 15,1,20,,576544,26,0,73 15,1,20,,576589,26,0,73 15,1,60,,576553,26,0,73 15,1,20,,576562,26,0,73 15,1,20,,576604,26,0,73 15,1,60,,576566,26,0,73 15,1,17,,576547,26,0,73 15,1,28,,483888,26,0,73 15,1,10,,576598,26,0,73 15,1,60,,576582,26,0,73 15,1,30,,503449,26,0,73 15,1,70,,576597,26,0,73 15,1,25,,576551,26,0,73 15,1,75,,576601,26,0,73 15,1,30,,576587,26,0,73 15,1,61,,576576,26,0,73 15,1
11204,'2',1258,,576644,26,0,73 15,1,57,,427347,26,0,73 15,1,16,,576629,26,0,73 15,1,16,,576628,26,0,73 15,1,56,,576641,26,0,73 15,1,16,,508571,26,0,73 15,1,16,,576640,26,0,73 15,1,16,,496657,26,0,73 15,1,56,,576611,26,0,73 15,1,16,,576614,26,0,73 15,1,16,,576649,26,0,73 15,1,16,,576639,26,0,73 15,1,56,,442254,26,0,73 15,1,16,,480125,26,0,73 15,1,16,,576646,26,0,73 15,1,16,,407317,26,0,73 15,1,56,,576645,26,0,73 15,1,16,,576617,26,0,73 15,1,16,,576636,26,0,73 15,1,56,,576642,26,0,73 15,1,16,,445442,26,0,73 15,1,15,,576647,26,0,73 15,1,15,,507903,26,0,73 15,1,55,,576643,26,0,73 15,1,13,,576637,26,0,73 15,1,14,,576615,26,0,73 15,1,19,,425822,26,0,73 15,1,63,,576622,26,0,73 15,1,22,,576619,26,0,73 15,1,23,,576616,26,0,73 15,1,62,,576612,26,0,73 15,1,23,,460312,26,0,73 15,1,62,,435417,26,0,73 15,1,20,,576625,26,0,73 15,1
11204,'3',1314,,576689,26,0,73 15,1,25,,576687,26,0,73 15,1,65,,576678,26,0,73 15,1,20,,576676,26,0,73 15,1,23,,576675,26,0,73 15,1,62,,576662,26,0,73 15,1,23,,576680,26,0,73 15,1,22,,509102,26,0,73 15,1,63,,576683,26,0,73 15,1,22,,576653,26,0,73 15,1,63,,423370,26,0,73 15,1,22,,576660,26,0,73 15,1,23,,576677,26,0,73 15,1,62,,576657,26,0,73 15,1,22,,576686,26,0,73 15,1,22,,576655,26,0,73 15,1,62,,576663,26,0,73 15,1,22,,576667,26,0,73 15,1,63,,497118,26,0,73 15,1,22,,464687,26,0,73 15,1,23,,576672,26,0,73 15,1,62,,576685,26,0,73 15,1,23,,576654,26,0,73 15,1,22,,576659,26,0,73 15,1,63,,576666,26,0,73 15,1,22,,576665,26,0,73 15,1,63,,576656,26,0,73 15,1
11204,'5',1314,,576697,26,0,73 15,1,25,,576715,26,0,73 15,1,65,,576726,26,0,73 15,1,20,,576725,26,0,73 15,1,23,,576722,26,0,73 15,1,62,,576719,26,0,73 15,1,23,,576708,26,0,73 15,1,22,,576706,26,0,73 15,1,63,,576700,26,0,73 15,1,22,,576727,26,0,73 15,1,63,,576714,26,0,73 15,1,22,,576704,26,0,73 15,1,23,,576692,26,0,73 15,1,62,,576724,26,0,73 15,1,22,,576732,26,0,73 15,1,22,,576696,26,0,73 15,1,62,,576734,26,0,73 15,1,22,,576703,26,0,73 15,1,63,,576716,26,0,73 15,1,22,,576711,26,0,73 15,1,23,,576694,26,0,73 15,1,62,,576712,26,0,73 15,1,23,,576713,26,0,73 15,1,22,,576733,26,0,73 15,1,63,,576723,26,0,73 15,1,22,,576731,26,0,73 15,1,63,,576735,26,0,73 15,1
33401,'1',415,,424896,7,0,5 55 8,1,30,,417125,7,0,5 55 8,1,70,,595191,7,0,17 52 53 8,1,2025,,595197,7,0,5 55 8,1,75,,485778,7,0,5 55 8,1,30,,595192,7,0,5 55 8,1,70,,595194,7,0,5 55 8,1,30,,595195,7,0,5 55 8,1
33401,'2',415,,477594,7,0,5 55 8,1,30,,478016,7,0,5 55 8,1,70,,595223,7,0,17 74 8,1,29,,487529,7,0,17 52 53 8,1,70,,595213,7,0,17 52 53 8,1,1926,,595215,7,0,5 55 8,1,75,,595209,7,0,5 55 8,1,30,,595207,7,0,5 55 8,1,70,,595212,7,0,5 55 8,1,30,,595221,7,0,5 55 8,1
33401,'3',415,,595251,7,0,5 55 8,1,30,,595230,7,0,5 55 8,1,69,,595224,7,0,5 55 8,1,20,,595241,7,0,5 55 8,1,20,,595244,7,0,5 55 8,1,60,,595226,7,0,5 55 8,1,1926,,595234,7,0,5 55 8,1,75,,595236,7,0,5 55 8,1,30,,461686,7,0,5 55 8,1,70,,595238,7,0,5 55 8,1,30,,595246,7,0,5 55 8,1
33401,'5',415,,595280,7,0,5 55 8,1,30,,595254,7,0,5 55 8,1,70,,595255,7,0,17 74 8,1,30,,595277,7,0,17 52 53 8,1,70,,595267,7,0,17 52 53 8,1,1925,,595264,7,0,5 55 8,1,75,,595276,7,0,5 55 8,1,30,,595260,7,0,5 55 8,1,70,,595253,7,0,5 55 8,1,30,,595265,7,0,5 55 8,1
