'1',8702,260850,4,'',1
'2',8702,260850,4,'',1
'3',8702,52350,4,'',1,1390,4,'',1
'4',8702,260850,4,'',1
'5',8702,260850,4,'',1
'6',8702,52350,4,'',1,1390,4,'',1,207110,4,'',1
'1',32202,50850,4,'',1,3000,4,'',1,7000,4,'',1,3000,4,'',1,7000,4,'',1,3000,4,'',1,189990,4,'',1,7010,4,'',1,3000,4,'',1,7000,4,'',1,3000,4,'',1
'2',32202,50850,4,'',1,3000,4,'',1,7000,4,'',1,3000,4,'',1,7000,4,'',1,3000,4,'',1,189990,4,'',1,7010,4,'',1,3000,4,'',1,7000,4,'',1,3000,4,'',1
'3',32202,50850,4,'',1,222290,4,'',1,7710,4,'',1,3000,4,'',1
'4',32202,50850,4,'',1,3000,4,'',1,209990,4,'',1,7010,4,'',1,3000,4,'',1,7000,4,'',1,3000,4,'',1
'5',32202,50850,4,'',1,3000,4,'',1,209990,4,'',1,7010,4,'',1,3000,4,'',1,7000,4,'',1,3000,4,'',1
'6',32202,50850,4,'',1,212990,4,'',1,7010,4,'',1,3000,4,'',1,7000,4,'',1,3000,4,'',1
