11203,'1',544,,576386,28,0,28 166 63,1,58,,576375,28,0,28 166 63,1,18,,576347,65,0,28 166 63,1,21,,576383,64,0,28 166 63,1,62,,576387,64,0,28 166 63,1,22,,576406,64,0,28 166 63,1,22,,576378,64,0,28 166 63,1,62,,576401,64,0,28 166 63,1,22,,576350,64,0,28 166 63,1,22,,576351,64,0,28 166 63,1,62,,576405,64,0,28 166 63,1,22,,510203,64,0,28 166 63,1,18,,576371,64,0,28 166 63,1,65,,459812,64,0,28 166 63,1,26,,576360,64,0,28 166 63,1,66,,495133,64,0,28 166 63,1,26,,576373,64,0,28 166 63,1,66,,471506,64,0,28 166 63,1,26,,378495,64,0,28 166 63,1
11203,'2',558,,576436,28,0,28 166 63,1,61,,491001,28,0,28 166 63,1,20,,465044,64,0,28 166 63,1,78,,576412,64,0,28 166 63,1,28,,485542,64,0,28 166 63,1,68,,576425,64,0,28 166 63,1,28,,576450,64,0,28 166 63,1,68,,576427,64,0,28 166 63,1,17,,576423,64,0,28 166 63,1,19,,576417,64,0,28 166 63,1,59,,576454,64,0,28 166 63,1,19,,576408,64,0,28 166 63,1,19,,375995,64,0,28 166 63,1,59,,576414,64,0,28 166 63,1,19,,576410,64,0,28 166 63,1,19,,576431,64,0,28 166 63,1,19,,503011,64,0,28 166 63,1,59,,439829,64,0,28 166 63,1,19,,576444,64,0,28 166 63,1
11203,'3',809,,576460,28,0,28 166 63,1,35,,576483,64,0,28 166 63,1,58,,576484,64,0,28 166 63,1,30,,576481,64,0,28 166 63,1,70,,576461,64,0,28 166 63,1,30,,576474,64,0,28 166 63,1,70,,576488,64,0,28 166 63,1,30,,422467,64,0,28 166 63,1,70,,576462,64,0,28 166 63,1,30,,576491,64,0,28 166 63,1
11203,'5',613,,576523,28,0,28 166 63,1,28,,576517,64,0,28 166 63,1,63,,576538,64,0,28 166 63,1,28,,576500,64,0,28 166 63,1,70,,576510,64,0,28 166 63,1,30,,576531,64,0,28 166 63,1,70,,576534,64,0,28 166 63,1,30,,576498,64,0,28 166 63,1,70,,576494,64,0,28 166 63,1,30,,576526,64,0,28 166 63,1,70,,576530,64,0,28 166 63,1,30,,576524,64,0,28 166 63,1,70,,576522,64,0,28 166 63,1,30,,576502,64,0,28 166 63,1
11204,'1',1315,,576596,25,0,73 15,1,24,,576543,25,0,73 15,1,64,,576561,25,0,73 15,1,24,,483661,25,0,73 15,1,24,,576586,25,0,73 15,1,64,,576578,25,0,73 15,1,24,,486488,25,0,73 15,1,64,,576565,25,0,73 15,1,24,,391523,25,0,73 15,1,24,,495516,25,0,73 15,1,64,,576584,25,0,73 15,1,24,,576572,25,0,73 15,1,64,,481971,25,0,73 15,1,21,,488076,25,0,73 15,1,21,,377631,25,0,73 15,1,57,,576570,25,0,73 15,1,20,,576594,25,0,73 15,1,20,,576580,25,0,73 15,1,60,,480588,25,0,73 15,1,20,,576544,25,0,73 15,1,20,,576589,25,0,73 15,1,60,,576553,25,0,73 15,1,20,,576562,25,0,73 15,1,20,,576604,25,0,73 15,1,60,,576566,25,0,73 15,1,17,,576547,25,0,73 15,1,28,,483888,25,0,73 15,1,10,,576598,25,0,73 15,1,60,,576582,25,0,73 15,1,30,,503449,25,0,73 15,1,70,,576597,25,0,73 15,1,25,,576551,25,0,73 15,1,75,,576601,25,0,73 15,1,30,,576587,25,0,73 15,1,61,,576576,25,0,73 15,1
11204,'2',1258,,576644,25,0,73 15,1,57,,427347,25,0,73 15,1,16,,576629,25,0,73 15,1,16,,576628,25,0,73 15,1,56,,576641,25,0,73 15,1,16,,508571,25,0,73 15,1,16,,576640,25,0,73 15,1,16,,496657,25,0,73 15,1,56,,576611,25,0,73 15,1,16,,576614,25,0,73 15,1,16,,576649,25,0,73 15,1,16,,576639,25,0,73 15,1,56,,442254,25,0,73 15,1,16,,480125,25,0,73 15,1,16,,576646,25,0,73 15,1,16,,407317,25,0,73 15,1,56,,576645,25,0,73 15,1,16,,576617,25,0,73 15,1,16,,576636,25,0,73 15,1,56,,576642,25,0,73 15,1,16,,445442,25,0,73 15,1,15,,576647,25,0,73 15,1,15,,507903,25,0,73 15,1,55,,576643,25,0,73 15,1,13,,576637,25,0,73 15,1,14,,576615,25,0,73 15,1,19,,425822,25,0,73 15,1,63,,576622,25,0,73 15,1,22,,576619,25,0,73 15,1,23,,576616,25,0,73 15,1,62,,576612,25,0,73 15,1,23,,460312,25,0,73 15,1,62,,435417,25,0,73 15,1,19,,576625,25,0,73 15,1
11204,'3',1313,,576689,25,0,73 15,1,25,,576687,25,0,73 15,1,65,,576678,25,0,73 15,1,20,,576676,25,0,73 15,1,23,,576675,25,0,73 15,1,62,,576662,25,0,73 15,1,23,,576680,25,0,73 15,1,22,,509102,25,0,73 15,1,63,,576683,25,0,73 15,1,22,,576653,25,0,73 15,1,63,,423370,25,0,73 15,1,22,,576660,25,0,73 15,1,23,,576677,25,0,73 15,1,62,,576657,25,0,73 15,1,22,,576686,25,0,73 15,1,22,,576655,25,0,73 15,1,62,,576663,25,0,73 15,1,22,,576667,25,0,73 15,1,23,,497118,25,0,73 15,1,62,,464687,25,0,73 15,1,23,,576672,25,0,73 15,1,62,,576685,25,0,73 15,1,23,,576654,25,0,73 15,1,22,,576659,25,0,73 15,1,63,,576666,25,0,73 15,1,22,,576665,25,0,73 15,1,23,,576656,25,0,73 15,1
11204,'5',1313,,576697,25,0,73 15,1,25,,576715,25,0,73 15,1,65,,576726,25,0,73 15,1,20,,576725,25,0,73 15,1,23,,576722,25,0,73 15,1,62,,576719,25,0,73 15,1,23,,576708,25,0,73 15,1,22,,576706,25,0,73 15,1,63,,576700,25,0,73 15,1,22,,576727,25,0,73 15,1,63,,576714,25,0,73 15,1,22,,576704,25,0,73 15,1,23,,576692,25,0,73 15,1,62,,576724,25,0,73 15,1,22,,576732,25,0,73 15,1,22,,576696,25,0,73 15,1,62,,576734,25,0,73 15,1,22,,576703,25,0,73 15,1,23,,576716,25,0,73 15,1,62,,576711,25,0,73 15,1,23,,576694,25,0,73 15,1,62,,576712,25,0,73 15,1,23,,576713,25,0,73 15,1,22,,576733,25,0,73 15,1,63,,576723,25,0,73 15,1,22,,576731,25,0,73 15,1,23,,576735,25,0,73 15,1
33401,'1',414,,424896,6,0,5 55 8,1,30,,417125,6,0,5 55 8,1,70,,595191,6,0,17 52 53 8,1,2025,,595197,6,0,5 55 8,1,75,,485778,6,0,5 55 8,1,30,,595192,6,0,5 55 8,1,70,,595194,6,0,5 55 8,1,30,,595195,6,0,5 55 8,1
33401,'2',414,,477594,6,0,5 55 8,1,30,,478016,6,0,5 55 8,1,70,,595223,6,0,17 74 8,1,29,,487529,6,0,17 52 53 8,1,70,,595213,6,0,17 52 53 8,1,1926,,595215,6,0,5 55 8,1,75,,595209,6,0,5 55 8,1,30,,595207,6,0,5 55 8,1,70,,595212,6,0,5 55 8,1,30,,595221,6,0,5 55 8,1
33401,'3',414,,595251,6,0,5 55 8,1,30,,595230,6,0,5 55 8,1,69,,595224,6,0,5 55 8,1,20,,595241,6,0,5 55 8,1,20,,595244,6,0,5 55 8,1,60,,595226,6,0,5 55 8,1,1926,,595234,6,0,5 55 8,1,75,,595236,6,0,5 55 8,1,30,,461686,6,0,5 55 8,1,70,,595238,6,0,5 55 8,1,30,,595246,6,0,5 55 8,1
33401,'5',414,,595280,6,0,5 55 8,1,30,,595254,6,0,5 55 8,1,70,,595255,6,0,17 74 8,1,30,,595277,6,0,17 52 53 8,1,70,,595267,6,0,17 52 53 8,1,1925,,595264,6,0,5 55 8,1,75,,595276,6,0,5 55 8,1,30,,595260,6,0,5 55 8,1,70,,595253,6,0,5 55 8,1,30,,595265,6,0,5 55 8,1
