2903,'1',2622,,296660,44,4,,1
2903,'2',2622,,296840,44,4,,1
2903,'3',2622,,296875,44,4,,1
9601,'1',522,,337410,51,0,34 14 38 15,1,7,,337318,15,0,5 14 38 15,1,22,,337342,15,0,5 14 38 15,1
9601,'2',522,,337501,51,0,34 14 38 15,1
9601,'3',522,,337680,51,0,34 14 38 15,1,12,,337654,51,0,34 14 38 15,1,18,,337669,51,0,34 14 38 15,1,54,,337597,56,0,5 14 38 15,1,12,,337638,61,0,34 14 38 15,1,12,,337607,56,0,5 14 38 15,1,12,,337615,61,0,34 14 38 15,1,12,,337609,56,0,5 14 38 15,1,52,,337678,61,0,34 14 38 15,1,12,,337596,56,0,5 14 38 15,1,12,,337633,61,0,34 14 38 15,1
32903,'1',452,,362389,48,4,,1,2470,,362390,48,4,,1
32903,'2',2922,,362403,48,4,,1
32903,'3',547,,362423,48,4,,1,71,,362426,48,4,,1,9,,362427,48,4,,1,20,,362428,48,4,,1,10,,362424,48,4,,1,60,,362429,48,4,,1,10,,362430,48,4,,1,2207,,362431,48,4,,1
39601,'1',500,,363821,53,0,11 12 14 38 15,1,2140,,363825,53,0,11 12 14 38 15,1,60,,363822,53,0,11 12 14 38 15,1,20,,363818,53,0,11 12 14 38 15,1,20,,363823,53,0,11 12 14 38 15,1,60,,363824,53,0,11 12 14 38 15,1,20,,363819,53,0,11 12 14 38 15,1,20,,363820,53,0,11 12 14 38 15,1
39601,'2',500,,363829,53,0,11 12 14 38 15,1,2140,,363832,53,0,11 12 14 38 15,1,60,,363827,53,0,11 12 14 38 15,1,20,,363828,53,0,11 12 14 38 15,1,20,,363833,53,0,11 12 14 38 15,1,60,,363834,53,0,11 12 14 38 15,1,20,,363830,53,0,11 12 14 38 15,1,20,,363831,53,0,11 12 14 38 15,1
39601,'3',500,,363837,53,0,11 12 14 38 15,1,2140,,363841,53,0,11 12 14 38 15,1,60,,363842,53,0,11 12 14 38 15,1,20,,363838,53,0,11 12 14 38 15,1,20,,363836,53,0,11 12 14 38 15,1,60,,363839,53,0,11 12 14 38 15,1,20,,363840,53,0,11 12 14 38 15,1,20,,363843,53,0,11 12 14 38 15,1
99601,'1',505,,372359,1,0,39 10 8,1,10,,372339,1,0,39 10 8,1,10,,372376,1,0,39 10 8,1,10,,372346,1,0,39 10 8,1
