13403,'1',1108,,97737,32,4,,1,14,,169358,32,4,,1,15,,267631,32,4,,1,15,,267625,32,4,,1,55,,267633,32,4,,1,15,,267681,32,4,,1
13403,'2',532,,87567,10,4,,1,68,,197025,10,4,,1,22,,267728,32,4,,1,18,,196756,32,4,,1,60,,267713,32,4,,1,20,,267725,32,4,,1,20,,267703,32,4,,1,60,,65229,32,4,,1,20,,106828,32,4,,1,20,,267717,32,4,,1,60,,267696,32,4,,1,20,,267698,32,4,,1,20,,267731,32,4,,1,60,,267685,32,4,,1,20,,114889,32,4,,1,20,,267721,32,4,,1,60,,267689,32,4,,1,20,,267723,32,4,,1,20,,267726,32,4,,1
13403,'3',824,,56637,32,4,,1,21,,267750,32,4,,1,58,,267760,32,4,,1,18,,161247,32,4,,1,18,,267758,32,4,,1,18,,127138,32,4,,1,58,,267734,32,4,,1,18,,167019,32,4,,1,18,,267739,32,4,,1,58,,134886,32,4,,1,18,,148986,32,4,,1,18,,267754,32,4,,1
13403,'5',824,,267778,32,4,,1,21,,267773,32,4,,1,58,,267780,32,4,,1,18,,267788,32,4,,1,18,,150885,32,4,,1,18,,267789,32,4,,1,58,,267795,32,4,,1,18,,267811,32,4,,1,18,,267776,32,4,,1,58,,267793,32,4,,1,18,,267800,32,4,,1,18,,175199,32,4,,1
13404,'1',1108,,267842,1,0,31 39 10 15,1,15,,267819,1,0,31 39 10 15,1,15,,267837,1,0,31 39 10 15,1,15,,267864,1,0,31 39 10 15,1,55,,267845,1,0,31 39 10 15,1,15,,267862,1,0,31 39 10 15,1
13404,'2',534,,137957,1,0,31 39 10 15,1,69,,165151,1,0,31 39 10 15,1,20,,267918,1,0,31 39 10 15,1,20,,267894,1,0,31 39 10 15,1,60,,267915,1,0,31 39 10 15,1,20,,267883,1,0,31 39 10 15,1,20,,267895,1,0,31 39 10 15,1,60,,267887,1,0,31 39 10 15,1,20,,267876,1,0,31 39 10 15,1,20,,267905,1,0,31 39 10 15,1,60,,267891,1,0,31 39 10 15,1,20,,7625,1,0,31 39 10 15,1,20,,267878,1,0,31 39 10 15,1,60,,267912,1,0,31 39 10 15,1,20,,267925,1,0,31 39 10 15,1,20,,267897,1,0,31 39 10 15,1,60,,267913,1,0,31 39 10 15,1,20,,267924,1,0,31 39 10 15,1,20,,267875,1,0,31 39 10 15,1
13404,'3',734,,267930,1,0,31 39 10 15,1,18,,267927,1,0,31 39 10 15,1,58,,15186,1,0,31 39 10 15,1,18,,267948,1,0,31 39 10 15,1,18,,187982,1,0,31 39 10 15,1,58,,267968,1,0,31 39 10 15,1,18,,267939,1,0,31 39 10 15,1,18,,267935,1,0,31 39 10 15,1,18,,267934,1,0,31 39 10 15,1,58,,267932,1,0,31 39 10 15,1,18,,267966,1,0,31 39 10 15,1,18,,78572,1,0,31 39 10 15,1,58,,170631,1,0,31 39 10 15,1,18,,267929,1,0,31 39 10 15,1,18,,267964,1,0,31 39 10 15,1
13404,'5',734,,268019,1,0,31 39 10 15,1,18,,268002,1,0,31 39 10 15,1,58,,267990,1,0,31 39 10 15,1,18,,268000,1,0,31 39 10 15,1,18,,268010,1,0,31 39 10 15,1,58,,268007,1,0,31 39 10 15,1,18,,267986,1,0,31 39 10 15,1,18,,267977,1,0,31 39 10 15,1,18,,267998,1,0,31 39 10 15,1,58,,267988,1,0,31 39 10 15,1,18,,268005,1,0,31 39 10 15,1,18,,267981,1,0,31 39 10 15,1,58,,267997,1,0,31 39 10 15,1,18,,267985,1,0,31 39 10 15,1,18,,267995,1,0,31 39 10 15,1
33402,'1',330,,276749,5,0,17 154 8,1,70,,276743,5,0,17 154 8,1,30,,276748,5,0,17 154 8,1,2170,,187939,5,0,34 236 66,1,30,,276746,5,0,34 236 66,1,70,,276754,5,0,34 236 66,1,18,,276759,5,4,,1,30,,276745,5,4,,1,70,,276747,5,4,,1,30,,276758,5,4,,1,70,,276738,5,4,,1,30,,276744,5,4,,1
33402,'2',330,,153240,5,0,34 236 66,1,70,,276777,5,0,17 154 8,1,30,,276773,5,0,17 154 8,1,2170,,276775,5,0,34 236 66,1,30,,112988,5,0,34 236 66,1,70,,276771,5,0,34 236 66,1,18,,133735,5,4,,1,30,,276767,5,4,,1,70,,276776,5,4,,1,30,,155055,5,4,,1,70,,138443,5,4,,1,30,,276772,5,4,,1
33402,'3',330,,276793,5,0,34 236 66,1,70,,276783,5,0,34 236 66,1,30,,276797,5,0,34 52 53 8,1,27,,276787,5,0,34 52 53 8,1,60,,276798,5,0,34 52 53 8,1,20,,276796,5,0,34 52 53 8,1,20,,276780,5,0,34 52 53 8,1,60,,276782,5,0,34 52 53 8,1,17,,276805,5,0,17 154 8,1,14,,134779,5,4,,1,64,,276784,5,4,,1,23,,276790,5,4,,1,20,,276785,5,4,,1,1845,,276806,5,0,34 236 66,1,30,,121726,5,0,34 236 66,1,70,,131109,5,0,34 236 66,1,18,,276789,5,4,,1,30,,276802,5,4,,1,70,,174620,5,4,,1,30,,148990,5,4,,1,70,,124233,5,4,,1,30,,92280,5,4,,1
33402,'5',330,,276814,5,0,34 236 66,1,70,,276811,5,0,17 154 8,1,30,,176212,5,0,17 154 8,1,2170,,276822,5,0,34 236 66,1,30,,276815,5,0,34 236 66,1,70,,276827,5,0,34 236 66,1,18,,276828,5,4,,1,30,,276818,5,4,,1,70,,276813,5,4,,1,30,,145486,5,4,,1,70,,162283,5,4,,1,30,,276816,5,4,,1
35302,'1',356,,277523,5,0,11 12 14 78,1,70,,277524,5,0,11 12 14 78,1,30,,277526,5,0,11 12 14 78,1,100,,277525,5,4,,1,70,,277519,5,4,,1,30,,277522,5,4,,1,1900,,277528,5,0,11 12 14 78,1,70,,277529,5,0,11 12 14 78,1,30,,116598,5,0,11 12 14 78,1,70,,277527,5,0,11 12 14 78,1,30,,277521,5,4,,1,70,,191764,5,4,,1,30,,177895,5,4,,1,70,,277520,5,4,,1
35302,'2',356,,179931,5,0,11 12 14 78,1,70,,53193,5,0,11 12 14 78,1,11,,277538,5,0,11 12 14 78,1,19,,137219,5,0,11 12 14 78,1,57,,277539,5,0,11 12 14 78,1,24,,277531,5,0,11 12 14 78,1,19,,277535,5,4,,1,2000,,277530,5,0,11 12 14 78,1,70,,277534,5,0,11 12 14 78,1,30,,277533,5,0,11 12 14 78,1,70,,26625,5,0,11 12 14 78,1,30,,277537,5,4,,1,70,,161224,5,4,,1,30,,277532,5,4,,1,70,,277536,5,4,,1
35302,'3',356,,277552,5,0,11 12 14 78,1,70,,277546,5,0,11 12 14 78,1,30,,277543,5,0,11 12 14 78,1,70,,277544,5,0,11 12 14 78,1,30,,131128,5,4,,1,70,,277551,5,0,11 12 14 78,1,30,,277554,5,4,,1,70,,277541,5,4,,1,30,,195053,5,4,,1,1800,,277545,5,0,11 12 14 78,1,70,,277540,5,0,11 12 14 78,1,30,,277553,5,0,11 12 14 78,1,70,,277550,5,0,11 12 14 78,1,30,,277547,5,4,,1,70,,277548,5,4,,1,30,,277542,5,4,,1,70,,152631,5,4,,1
35302,'5',356,,181248,5,0,11 12 14 78,1,70,,277555,5,0,11 12 14 78,1,13,,119013,5,0,11 12 14 78,1,17,,277558,5,0,11 12 14 78,1,53,,277556,5,0,11 12 14 78,1,47,,277566,5,4,,1,70,,277562,5,4,,1,1930,,277563,5,0,11 12 14 78,1,70,,145171,5,0,11 12 14 78,1,30,,277561,5,0,11 12 14 78,1,70,,277557,5,0,11 12 14 78,1,30,,277564,5,4,,1,70,,277559,5,4,,1,30,,277565,5,4,,1,70,,277560,5,4,,1
