3503,'1',2637,,385756,43,4,,1,15,,385663,43,4,,1
3503,'2',2637,,385865,43,4,,1,15,,385810,43,4,,1
3503,'3',2637,,385962,43,4,,1,15,,385954,43,4,,1
6001,'1',511,,402285,24,0,16 15,1,14,,402332,24,0,16 15,1,1706,,402355,24,0,16 15,1,12,,402367,24,0,16 15,1,12,,402286,24,0,16 15,1,52,,402273,24,0,16 15,1,24,,402320,24,0,16 15,1,24,,402279,24,0,16 15,1,64,,402317,24,0,16 15,1,24,,402358,24,0,16 15,1,64,,402323,24,0,16 15,1,22,,402256,24,0,16 15,1,25,,402271,24,0,16 15,1,65,,402248,24,0,16 15,1
6001,'2',548,,402409,28,0,16 15,1,61,,402423,28,0,16 15,1,15,,402417,28,0,16 15,1,15,,402432,28,0,16 15,1,15,,402453,28,0,16 15,1,55,,402442,28,0,16 15,1,15,,402392,28,0,16 15,1,15,,402476,28,0,16 15,1,15,,402413,28,0,16 15,1,55,,402436,28,0,16 15,1,1128,,402429,24,0,16 15,1,16,,402408,24,0,16 15,1,56,,402479,24,0,16 15,1,16,,402524,24,0,16 15,1,16,,402517,24,0,16 15,1,16,,402428,24,0,16 15,1,56,,402502,24,0,16 15,1,16,,402455,24,0,16 15,1,16,,402496,24,0,16 15,1,57,,402487,24,0,16 15,1,23,,402421,24,0,16 15,1,20,,402419,24,0,16 15,1,60,,402434,24,0,16 15,1,20,,402493,24,0,16 15,1,20,,402500,24,0,16 15,1,60,,402445,24,0,16 15,1,20,,402449,24,0,16 15,1,20,,402508,24,0,16 15,1,60,,402504,24,0,16 15,1,19,,402466,24,0,16 15,1,21,,402450,24,0,16 15,1,60,,402425,24,0,16 15,1,20,,402382,24,0,16 15,1
6001,'3',1928,,402565,24,0,16 15,1,10,,402609,24,0,16 15,1,10,,402590,24,0,16 15,1,10,,402592,24,0,16 15,1,50,,402615,24,0,16 15,1,17,,402595,24,0,16 15,1,20,,402564,24,0,16 15,1,60,,402567,24,0,16 15,1,20,,402531,24,0,16 15,1,20,,402626,24,0,16 15,1,62,,402588,24,0,16 15,1,22,,402572,24,0,16 15,1,20,,402558,24,0,16 15,1,60,,402582,24,0,16 15,1,20,,402575,24,0,16 15,1,20,,402530,24,0,16 15,1,60,,402602,24,0,16 15,1,20,,402627,24,0,16 15,1,20,,402619,24,0,16 15,1,60,,402532,24,0,16 15,1,20,,402577,24,0,16 15,1,20,,402596,24,0,16 15,1,60,,402618,24,0,16 15,1,13,,402601,24,0,16 15,1
10602,'1',2646,,428917,25,4,,1
10602,'2',2649,,428967,25,4,,1
10602,'3',2646,,429035,25,4,,1
10802,'1',548,,429631,21,0,34 47 48 15,1,10,,429693,21,0,34 47 48 15,1,50,,429657,21,0,34 47 48 15,1,10,,429677,38,0,5 47 48 15,1,12,,429678,38,0,5 47 48 15,1,9,,429674,33,0,34 47 48 15,1,9,,429705,38,0,5 47 48 15,1,9,,429624,33,0,34 47 48 15,1,49,,429641,38,0,5 47 48 15,1,9,,429628,33,0,34 47 48 15,1,9,,429634,38,0,5 47 48 15,1,9,,429675,33,0,34 47 48 15,1,8,,429673,38,0,5 47 48 15,1,8,,429645,33,0,34 47 48 15,1,51,,429698,38,0,5 47 48 15,1,11,,429690,33,0,34 47 48 15,1,10,,429695,38,0,5 47 48 15,1,10,,429625,33,0,34 47 48 15,1,10,,429687,38,0,5 47 48 15,1,10,,429615,33,0,34 47 48 15,1,50,,429702,38,0,5 47 48 15,1,10,,429681,33,0,34 47 48 15,1,12,,429700,38,0,5 47 48 15,1,8,,429659,33,0,34 47 48 15,1,10,,429622,38,0,5 47 48 15,1,10,,429668,33,0,34 47 48 15,1,50,,429664,38,0,5 47 48 15,1,10,,429650,33,0,34 47 48 15,1,10,,429639,38,0,5 47 48 15,1,10,,429686,33,0,34 47 48 15,1,10,,429679,38,0,5 47 48 15,1,10,,429619,33,0,34 47 48 15,1,50,,429614,38,0,5 47 48 15,1,10,,429691,33,0,34 47 48 15,1,10,,429630,38,0,5 47 48 15,1,10,,429612,33,0,34 47 48 15,1,10,,429610,38,0,5 47 48 15,1,10,,429703,33,0,34 47 48 15,1,50,,429709,38,0,5 47 48 15,1,10,,429661,33,0,34 47 48 15,1,10,,429605,38,0,5 47 48 15,1,10,,429676,33,0,34 47 48 15,1,10,,429649,38,0,5 47 48 15,1,10,,429629,33,0,34 47 48 15,1,50,,429604,38,0,5 47 48 15,1,10,,429617,33,0,34 47 48 15,1,10,,429632,38,0,5 47 48 15,1,10,,429683,33,0,34 47 48 15,1,10,,429648,38,0,5 47 48 15,1,10,,429685,33,0,34 47 48 15,1,50,,429640,38,0,5 47 48 15,1,11,,429618,33,0,34 47 48 15,1,12,,429667,38,0,5 47 48 15,1,11,,429603,33,0,34 47 48 15,1,11,,429609,38,0,5 47 48 15,1,11,,429616,33,0,34 47 48 15,1,51,,429623,38,0,5 47 48 15,1,11,,429608,33,0,34 47 48 15,1,11,,429621,38,0,5 47 48 15,1,11,,429670,33,0,34 47 48 15,1,11,,429620,38,0,5 47 48 15,1,51,,429699,33,0,34 47 48 15,1,11,,429697,38,0,5 47 48 15,1,11,,429658,33,0,34 47 48 15,1,11,,429611,38,0,5 47 48 15,1,11,,429606,33,0,34 47 48 15,1,11,,429613,38,0,5 47 48 15,1,51,,429692,33,0,34 47 48 15,1,11,,429708,38,0,5 47 48 15,1,11,,429707,33,0,34 47 48 15,1,11,,429642,38,0,5 47 48 15,1,11,,429655,33,0,34 47 48 15,1,51,,429643,38,0,5 47 48 15,1,11,,429660,33,0,34 47 48 15,1,11,,429656,38,0,5 47 48 15,1,11,,429653,33,0,34 47 48 15,1,11,,429689,38,0,5 47 48 15,1,11,,429654,33,0,34 47 48 15,1,51,,429680,38,0,5 47 48 15,1,9,,429694,33,0,34 47 48 15,1,11,,429627,38,0,5 47 48 15,1,11,,429652,33,0,34 47 48 15,1,13,,429644,38,0,5 47 48 15,1,53,,429646,33,0,34 47 48 15,1,13,,429636,38,0,5 47 48 15,1,13,,429633,33,0,34 47 48 15,1,13,,429607,38,0,5 47 48 15,1,13,,429682,33,0,34 47 48 15,1,53,,429638,38,0,5 47 48 15,1,13,,429666,33,0,34 47 48 15,1,13,,429662,38,0,5 47 48 15,1,13,,429701,33,0,34 47 48 15,1,53,,429669,38,0,5 47 48 15,1,12,,429651,33,0,34 47 48 15,1,13,,429672,38,0,5 47 48 15,1,13,,429704,33,0,34 47 48 15,1,13,,429665,38,0,5 47 48 15,1,55,,429671,33,0,34 47 48 15,1,15,,429696,38,0,5 47 48 15,1,15,,429706,33,0,34 47 48 15,1,15,,429663,38,0,5 47 48 15,1,55,,429647,33,0,34 47 48 15,1,15,,429688,38,0,5 47 48 15,1,15,,429637,33,0,34 47 48 15,1,15,,429626,38,0,5 47 48 15,1,55,,429635,33,0,34 47 48 15,1,20,,429684,38,0,5 47 48 15,1
10802,'2',547,,429723,21,0,34 47 48 15,1,60,,429715,21,0,34 47 48 15,1,19,,429729,38,0,5 47 48 15,1,15,,429783,33,0,34 47 48 15,1,15,,429742,38,0,5 47 48 15,1,55,,429778,33,0,34 47 48 15,1,15,,429798,38,0,5 47 48 15,1,15,,429770,33,0,34 47 48 15,1,15,,429772,38,0,5 47 48 15,1,53,,429797,33,0,34 47 48 15,1,13,,429737,38,0,5 47 48 15,1,13,,429760,33,0,34 47 48 15,1,13,,429750,38,0,5 47 48 15,1,53,,429721,33,0,34 47 48 15,1,13,,429784,38,0,5 47 48 15,1,13,,429710,33,0,34 47 48 15,1,13,,429793,38,0,5 47 48 15,1,13,,429720,33,0,34 47 48 15,1,53,,429766,38,0,5 47 48 15,1,13,,429753,33,0,34 47 48 15,1,13,,429806,38,0,5 47 48 15,1,13,,429730,33,0,34 47 48 15,1,13,,429741,38,0,5 47 48 15,1,53,,429782,33,0,34 47 48 15,1,13,,429757,38,0,5 47 48 15,1,13,,429725,33,0,34 47 48 15,1,13,,429773,38,0,5 47 48 15,1,53,,429744,33,0,34 47 48 15,1,13,,429792,38,0,5 47 48 15,1,13,,429803,33,0,34 47 48 15,1,13,,429762,38,0,5 47 48 15,1,12,,429748,33,0,34 47 48 15,1,50,,429765,38,0,5 47 48 15,1,10,,429788,33,0,34 47 48 15,1,10,,429726,38,0,5 47 48 15,1,10,,429740,33,0,34 47 48 15,1,10,,429786,38,0,5 47 48 15,1,10,,429767,33,0,34 47 48 15,1,50,,429780,38,0,5 47 48 15,1,10,,429716,33,0,34 47 48 15,1,10,,429785,38,0,5 47 48 15,1,10,,429745,33,0,34 47 48 15,1,10,,429794,38,0,5 47 48 15,1,10,,429727,33,0,34 47 48 15,1,50,,429733,38,0,5 47 48 15,1,10,,429791,33,0,34 47 48 15,1,10,,429731,38,0,5 47 48 15,1,10,,429736,33,0,34 47 48 15,1,10,,429719,38,0,5 47 48 15,1,10,,429763,33,0,34 47 48 15,1,50,,429789,38,0,5 47 48 15,1,10,,429743,33,0,34 47 48 15,1,10,,429799,38,0,5 47 48 15,1,10,,429713,33,0,34 47 48 15,1,10,,429711,38,0,5 47 48 15,1,10,,429738,33,0,34 47 48 15,1,50,,429734,38,0,5 47 48 15,1,10,,429777,33,0,34 47 48 15,1,10,,429714,38,0,5 47 48 15,1,10,,429759,33,0,34 47 48 15,1,10,,429728,38,0,5 47 48 15,1,10,,429804,33,0,34 47 48 15,1,50,,429756,38,0,5 47 48 15,1,10,,429732,33,0,34 47 48 15,1,10,,429718,38,0,5 47 48 15,1,10,,429749,33,0,34 47 48 15,1,10,,429739,38,0,5 47 48 15,1,10,,429752,33,0,34 47 48 15,1,50,,429775,38,0,5 47 48 15,1,11,,429802,33,0,34 47 48 15,1,12,,429724,38,0,5 47 48 15,1,13,,429776,33,0,34 47 48 15,1,13,,429796,38,0,5 47 48 15,1,53,,429717,33,0,34 47 48 15,1,13,,429795,38,0,5 47 48 15,1,13,,429758,33,0,34 47 48 15,1,13,,429781,38,0,5 47 48 15,1,13,,429787,33,0,34 47 48 15,1,53,,429722,38,0,5 47 48 15,1,13,,429805,33,0,34 47 48 15,1,13,,429769,38,0,5 47 48 15,1,13,,429712,33,0,34 47 48 15,1,53,,429761,38,0,5 47 48 15,1,11,,429735,33,0,34 47 48 15,1,13,,429751,38,0,5 47 48 15,1,13,,429801,33,0,34 47 48 15,1,14,,429771,38,0,5 47 48 15,1,55,,429800,33,0,34 47 48 15,1,15,,429774,38,0,5 47 48 15,1,15,,429764,33,0,34 47 48 15,1,15,,429747,38,0,5 47 48 15,1,55,,429768,33,0,34 47 48 15,1,15,,429779,38,0,5 47 48 15,1,15,,429755,33,0,34 47 48 15,1,15,,429746,38,0,5 47 48 15,1,55,,429790,33,0,34 47 48 15,1,19,,429754,38,0,5 47 48 15,1
10802,'3',747,,429834,21,0,34 47 48 15,1,58,,429817,21,0,34 47 48 15,1,17,,429884,38,0,5 47 48 15,1,13,,429836,33,0,34 47 48 15,1,13,,429870,38,0,5 47 48 15,1,53,,429863,33,0,34 47 48 15,1,13,,429842,38,0,5 47 48 15,1,13,,429888,33,0,34 47 48 15,1,13,,429827,38,0,5 47 48 15,1,13,,429859,33,0,34 47 48 15,1,53,,429849,38,0,5 47 48 15,1,13,,429821,33,0,34 47 48 15,1,13,,429826,38,0,5 47 48 15,1,13,,429839,33,0,34 47 48 15,1,13,,429869,38,0,5 47 48 15,1,53,,429875,33,0,34 47 48 15,1,13,,429815,38,0,5 47 48 15,1,13,,429844,33,0,34 47 48 15,1,13,,429840,38,0,5 47 48 15,1,53,,429823,33,0,34 47 48 15,1,13,,429808,38,0,5 47 48 15,1,12,,429864,33,0,34 47 48 15,1,13,,429861,38,0,5 47 48 15,1,12,,429879,33,0,34 47 48 15,1,52,,429882,38,0,5 47 48 15,1,12,,429846,33,0,34 47 48 15,1,12,,429810,38,0,5 47 48 15,1,12,,429811,33,0,34 47 48 15,1,12,,429872,38,0,5 47 48 15,1,52,,429816,33,0,34 47 48 15,1,12,,429855,38,0,5 47 48 15,1,12,,429813,33,0,34 47 48 15,1,12,,429854,38,0,5 47 48 15,1,12,,429862,33,0,34 47 48 15,1,52,,429876,38,0,5 47 48 15,1,12,,429856,33,0,34 47 48 15,1,12,,429874,38,0,5 47 48 15,1,12,,429851,33,0,34 47 48 15,1,12,,429838,38,0,5 47 48 15,1,52,,429883,33,0,34 47 48 15,1,12,,429858,38,0,5 47 48 15,1,12,,429820,33,0,34 47 48 15,1,12,,429807,38,0,5 47 48 15,1,12,,429857,33,0,34 47 48 15,1,52,,429845,38,0,5 47 48 15,1,12,,429868,33,0,34 47 48 15,1,12,,429852,38,0,5 47 48 15,1,12,,429885,33,0,34 47 48 15,1,12,,429866,38,0,5 47 48 15,1,52,,429818,33,0,34 47 48 15,1,12,,429867,38,0,5 47 48 15,1,12,,429889,33,0,34 47 48 15,1,12,,429887,38,0,5 47 48 15,1,12,,429886,33,0,34 47 48 15,1,52,,429831,38,0,5 47 48 15,1,12,,429832,33,0,34 47 48 15,1,11,,429830,38,0,5 47 48 15,1,12,,429871,33,0,34 47 48 15,1,13,,429848,38,0,5 47 48 15,1,53,,429880,33,0,34 47 48 15,1,13,,429828,38,0,5 47 48 15,1,13,,429865,33,0,34 47 48 15,1,13,,429812,38,0,5 47 48 15,1,13,,429835,33,0,34 47 48 15,1,53,,429814,38,0,5 47 48 15,1,13,,429881,33,0,34 47 48 15,1,13,,429878,38,0,5 47 48 15,1,13,,429809,33,0,34 47 48 15,1,53,,429833,38,0,5 47 48 15,1,12,,429825,33,0,34 47 48 15,1,13,,429824,38,0,5 47 48 15,1,13,,429841,33,0,34 47 48 15,1,13,,429873,38,0,5 47 48 15,1,55,,429837,33,0,34 47 48 15,1,15,,429877,38,0,5 47 48 15,1,15,,429860,33,0,34 47 48 15,1,15,,429847,38,0,5 47 48 15,1,55,,429819,33,0,34 47 48 15,1,15,,429822,38,0,5 47 48 15,1,15,,429829,33,0,34 47 48 15,1,15,,429853,38,0,5 47 48 15,1,55,,429843,33,0,34 47 48 15,1,20,,429850,38,0,5 47 48 15,1
16601,'1',548,,443982,24,0,47 48 8,1,65,,443998,24,0,47 48 8,1,25,,443978,24,0,47 48 8,1,65,,443979,24,0,47 48 8,1,25,,443988,24,0,47 48 8,1,25,,443993,24,0,47 48 8,1,65,,443992,24,0,47 48 8,1,25,,443991,24,0,47 48 8,1,65,,443994,24,0,47 48 8,1,599,,443980,24,0,47 48 8,1,25,,443981,24,0,47 48 8,1,25,,443983,24,0,47 48 8,1,65,,443985,24,0,47 48 8,1,25,,443984,24,0,47 48 8,1,65,,443977,24,0,47 48 8,1,25,,443989,24,0,47 48 8,1,65,,443990,24,0,47 48 8,1,25,,443996,24,0,47 48 8,1,25,,443987,24,0,47 48 8,1,65,,443995,24,0,47 48 8,1
33503,'1',429,,448870,54,0,11 12 14 78,1,20,,448871,54,0,11 12 14 78,1,60,,448866,54,0,11 12 14 78,1,20,,448868,54,0,11 12 14 78,1,2180,,448867,54,0,11 12 14 78,1,20,,448872,54,0,11 12 14 78,1,20,,448865,54,0,11 12 14 78,1,60,,448864,54,0,11 12 14 78,1
33503,'2',429,,448881,54,0,11 12 14 78,1,20,,448879,54,0,11 12 14 78,1,60,,448884,54,0,11 12 14 78,1,20,,448882,54,0,11 12 14 78,1,2180,,448875,54,0,11 12 14 78,1,20,,448880,54,0,11 12 14 78,1,20,,448876,54,0,11 12 14 78,1,60,,448883,54,0,11 12 14 78,1
33503,'3',429,,448888,54,0,11 12 14 78,1,20,,448896,54,0,11 12 14 78,1,60,,448901,54,0,11 12 14 78,1,20,,448895,54,0,11 12 14 78,1,20,,448886,54,0,11 12 14 78,1,60,,448900,54,0,11 12 14 78,1,20,,448894,54,0,11 12 14 78,1,20,,448891,54,0,11 12 14 78,1,60,,448885,54,0,11 12 14 78,1,20,,448893,54,0,11 12 14 78,1,1980,,448887,54,0,11 12 14 78,1,20,,448899,54,0,11 12 14 78,1,20,,448890,54,0,11 12 14 78,1,60,,448897,54,0,11 12 14 78,1
35301,'1',455,,449486,5,0,11 12 142,1,70,,449485,5,0,11 12 142,1,30,,449484,5,0,11 12 142,1,2070,,449476,6,0,11 12 142,1,30,,449482,5,0,11 12 142,1,70,,449478,5,0,11 12 142,1,30,,449473,5,0,11 12 142,1,70,,449474,5,0,11 12 142,1
35301,'2',455,,449498,5,0,11 12 142,1,2170,,449496,6,0,11 12 142,1,30,,449488,5,0,11 12 142,1,70,,449494,5,0,11 12 142,1,30,,449497,5,0,11 12 142,1,70,,449499,5,0,11 12 142,1
35301,'3',455,,449513,5,0,11 12 142,1,70,,449510,5,0,11 12 142,1,30,,449507,5,0,11 12 142,1,70,,449512,5,0,11 12 142,1,30,,449519,5,0,11 12 142,1,1900,,449515,6,0,11 12 142,1,70,,449509,6,0,11 12 142,1,30,,449516,5,0,11 12 142,1,70,,449505,5,0,11 12 142,1,30,,449517,5,0,11 12 142,1,70,,449502,5,0,11 12 142,1
96001,'1',546,,457489,28,0,16 8,1,7,,457513,28,0,16 8,1,47,,457448,28,0,16 8,1,7,,457409,28,0,16 8,1,7,,457466,28,0,16 8,1,7,,457517,28,0,16 8,1,7,,457437,28,0,16 8,1,7,,457479,28,0,16 8,1,7,,457471,28,0,16 8,1,7,,457405,28,0,16 8,1,4,,457453,28,0,16 8,1,4,,457511,28,0,16 8,1,47,,457485,28,0,16 8,1,7,,457456,28,0,16 8,1,7,,457469,28,0,16 8,1,7,,457483,28,0,16 8,1,7,,457412,28,0,16 8,1,7,,457450,28,0,16 8,1,7,,457459,28,0,16 8,1,7,,457399,28,0,16 8,1,47,,457433,28,0,16 8,1,7,,457445,28,0,16 8,1,7,,457484,28,0,16 8,1,7,,457480,28,0,16 8,1,7,,457411,28,0,16 8,1,7,,457434,28,0,16 8,1,7,,457509,28,0,16 8,1,7,,457501,28,0,16 8,1,7,,457424,28,0,16 8,1,47,,457481,28,0,16 8,1,7,,457414,28,0,16 8,1,7,,457449,28,0,16 8,1,7,,457425,28,0,16 8,1,7,,457403,28,0,16 8,1,7,,457492,28,0,16 8,1,7,,457490,28,0,16 8,1,7,,457444,28,0,16 8,1,7,,457400,28,0,16 8,1,47,,457406,28,0,16 8,1,7,,457408,28,0,16 8,1,7,,457431,28,0,16 8,1,8,,457494,28,0,16 8,1,9,,457404,28,0,16 8,1,9,,457417,28,0,16 8,1,9,,457499,28,0,16 8,1,49,,457519,28,0,16 8,1,9,,457497,28,0,16 8,1,9,,457443,28,0,16 8,1,9,,457470,28,0,16 8,1,9,,457452,28,0,16 8,1,9,,457441,28,0,16 8,1,9,,457505,28,0,16 8,1,49,,457475,28,0,16 8,1,9,,457436,28,0,16 8,1,9,,457467,28,0,16 8,1,9,,457514,28,0,16 8,1,9,,457477,28,0,16 8,1,9,,457440,28,0,16 8,1,49,,457461,28,0,16 8,1,9,,457516,28,0,16 8,1,9,,457423,28,0,16 8,1,9,,457476,28,0,16 8,1,9,,457487,28,0,16 8,1,9,,457432,28,0,16 8,1,9,,457518,28,0,16 8,1,50,,457460,28,0,16 8,1,10,,457472,28,0,16 8,1,11,,457512,28,0,16 8,1,8,,457439,28,0,16 8,1,8,,457503,28,0,16 8,1,8,,457413,28,0,16 8,1,8,,457401,28,0,16 8,1,49,,457454,28,0,16 8,1,8,,457447,28,0,16 8,1,4,,457515,28,0,16 8,1,8,,457410,28,0,16 8,1,8,,457491,28,0,16 8,1,8,,457446,28,0,16 8,1,8,,457429,28,0,16 8,1,8,,457495,28,0,16 8,1,48,,457474,28,0,16 8,1,8,,457438,28,0,16 8,1,8,,457473,28,0,16 8,1,8,,457493,28,0,16 8,1,8,,457496,28,0,16 8,1,8,,457500,28,0,16 8,1,8,,457402,28,0,16 8,1,48,,457468,28,0,16 8,1,8,,457462,28,0,16 8,1,8,,457421,28,0,16 8,1,8,,457427,28,0,16 8,1,8,,457407,28,0,16 8,1,8,,457451,28,0,16 8,1,8,,457504,28,0,16 8,1,8,,457458,28,0,16 8,1,48,,457430,28,0,16 8,1,8,,457502,28,0,16 8,1,8,,457508,28,0,16 8,1,8,,457428,28,0,16 8,1,8,,457416,28,0,16 8,1,8,,457464,28,0,16 8,1,8,,457520,28,0,16 8,1,48,,457506,28,0,16 8,1,9,,457478,28,0,16 8,1,9,,457457,28,0,16 8,1,9,,457463,28,0,16 8,1,5,,457415,24,0,16 8,1,6,,457398,24,0,16 8,1,13,,457455,24,0,16 8,1,50,,457521,24,0,16 8,1,11,,457426,24,0,16 8,1,10,,457435,24,0,16 8,1,10,,457465,24,0,16 8,1,10,,457420,24,0,16 8,1,10,,457418,24,0,16 8,1,50,,457488,24,0,16 8,1,10,,457498,24,0,16 8,1,10,,457442,24,0,16 8,1,10,,457510,24,0,16 8,1,10,,457486,24,0,16 8,1,10,,457419,24,0,16 8,1,50,,457507,24,0,16 8,1,10,,457422,24,0,16 8,1,10,,457482,24,0,16 8,1
96001,'2',826,,457578,28,0,16 8,1,10,,457575,28,0,16 8,1,10,,457595,28,0,16 8,1,10,,457586,28,0,16 8,1,50,,457539,28,0,16 8,1,10,,457534,28,0,16 8,1,10,,457559,28,0,16 8,1,10,,457580,28,0,16 8,1,10,,457555,28,0,16 8,1,10,,457549,28,0,16 8,1,50,,457594,28,0,16 8,1,10,,457593,28,0,16 8,1,10,,457548,28,0,16 8,1,10,,457543,28,0,16 8,1,10,,457526,28,0,16 8,1,10,,457579,28,0,16 8,1,50,,457523,28,0,16 8,1,10,,457546,28,0,16 8,1,10,,457590,28,0,16 8,1,8,,457597,28,0,16 8,1,8,,457542,28,0,16 8,1,10,,457599,28,0,16 8,1,48,,457573,28,0,16 8,1,9,,457535,28,0,16 8,1,7,,457577,28,0,16 8,1,8,,457565,28,0,16 8,1,8,,457529,28,0,16 8,1,8,,457596,28,0,16 8,1,8,,457552,28,0,16 8,1,8,,457583,28,0,16 8,1,48,,457570,28,0,16 8,1,8,,457598,28,0,16 8,1,8,,457581,28,0,16 8,1,8,,457558,28,0,16 8,1,8,,457566,28,0,16 8,1,8,,457551,28,0,16 8,1,8,,457525,28,0,16 8,1,48,,457592,28,0,16 8,1,8,,457540,28,0,16 8,1,8,,457522,28,0,16 8,1,8,,457530,28,0,16 8,1,8,,457537,28,0,16 8,1,8,,457561,28,0,16 8,1,8,,457524,28,0,16 8,1,8,,457572,28,0,16 8,1,48,,457536,28,0,16 8,1,8,,457553,28,0,16 8,1,8,,457533,28,0,16 8,1,8,,457582,28,0,16 8,1,8,,457571,28,0,16 8,1,8,,457564,28,0,16 8,1,8,,457528,28,0,16 8,1,48,,457541,28,0,16 8,1,8,,457569,28,0,16 8,1,8,,457589,28,0,16 8,1,8,,457527,28,0,16 8,1,8,,457538,28,0,16 8,1,8,,457584,28,0,16 8,1,8,,457574,28,0,16 8,1,8,,457550,28,0,16 8,1,48,,457600,28,0,16 8,1,8,,457568,28,0,16 8,1,8,,457585,28,0,16 8,1,8,,457547,28,0,16 8,1,8,,457591,28,0,16 8,1,8,,457557,28,0,16 8,1,8,,457567,28,0,16 8,1,48,,457544,28,0,16 8,1,8,,457563,28,0,16 8,1,8,,457554,28,0,16 8,1,8,,457531,28,0,16 8,1,8,,457587,28,0,16 8,1,8,,457576,28,0,16 8,1,8,,457545,28,0,16 8,1,8,,457560,28,0,16 8,1,48,,457588,28,0,16 8,1,8,,457532,28,0,16 8,1,8,,457562,28,0,16 8,1,9,,457556,28,0,16 8,1
96001,'3',819,,457609,24,0,16 8,1,10,,457657,24,0,16 8,1,10,,457621,24,0,16 8,1,10,,457662,24,0,16 8,1,10,,457626,24,0,16 8,1,50,,457605,24,0,16 8,1,10,,457667,24,0,16 8,1,10,,457668,24,0,16 8,1,10,,457655,24,0,16 8,1,10,,457628,24,0,16 8,1,10,,457639,24,0,16 8,1,50,,457633,24,0,16 8,1,10,,457644,24,0,16 8,1,10,,457619,24,0,16 8,1,10,,457622,24,0,16 8,1,10,,457647,24,0,16 8,1,10,,457606,24,0,16 8,1,50,,457646,24,0,16 8,1,10,,457629,24,0,16 8,1,10,,457611,24,0,16 8,1,10,,457637,24,0,16 8,1,7,,457660,24,0,16 8,1,7,,457632,24,0,16 8,1,50,,457648,24,0,16 8,1,10,,457625,24,0,16 8,1,10,,457649,24,0,16 8,1,10,,457607,24,0,16 8,1,10,,457665,24,0,16 8,1,10,,457613,24,0,16 8,1,50,,457616,24,0,16 8,1,10,,457614,24,0,16 8,1,10,,457623,24,0,16 8,1,10,,457610,24,0,16 8,1,10,,457608,24,0,16 8,1,10,,457636,24,0,16 8,1,50,,457664,24,0,16 8,1,10,,457627,24,0,16 8,1,10,,457652,24,0,16 8,1,10,,457617,24,0,16 8,1,10,,457666,24,0,16 8,1,10,,457658,24,0,16 8,1,50,,457645,24,0,16 8,1,10,,457612,24,0,16 8,1,10,,457631,24,0,16 8,1,10,,457638,24,0,16 8,1,10,,457653,24,0,16 8,1,10,,457640,24,0,16 8,1,50,,457615,24,0,16 8,1,10,,457618,24,0,16 8,1,10,,457641,24,0,16 8,1,10,,457663,24,0,16 8,1,10,,457634,24,0,16 8,1,10,,457654,24,0,16 8,1,50,,457604,24,0,16 8,1,10,,457659,24,0,16 8,1,10,,457601,24,0,16 8,1,10,,457661,24,0,16 8,1,10,,457643,24,0,16 8,1,10,,457603,24,0,16 8,1,50,,457624,24,0,16 8,1,10,,457630,24,0,16 8,1,10,,457656,24,0,16 8,1,10,,457642,24,0,16 8,1,10,,457651,24,0,16 8,1,10,,457635,24,0,16 8,1,50,,457650,24,0,16 8,1,10,,457620,24,0,16 8,1,10,,457602,24,0,16 8,1
