7403,'1',515,,237836,1,0,74 8,1
7403,'2',532,,237873,1,0,74 8,1
7403,'3',739,,237907,1,0,74 8,1
7403,'5',532,,237972,1,0,74 8,1
8801,'1',531,,245501,1,0,34 242,1
8801,'2',532,,245578,1,0,34 242,1
8801,'3',749,,123824,1,0,34 242,1
8801,'5',532,,245665,1,0,34 242,1
9704,'1',553,,251882,9,0,28 104 8,1,55,,251872,53,0,34 6 7 8,1,10,,251860,9,0,28 104 8,1,13,,197440,49,0,5 6 7 8,1,12,,52243,9,0,28 104 8,1,14,,251874,53,0,34 6 7 8,1,51,,251861,9,0,28 104 8,1,13,,251858,49,0,5 6 7 8,1,12,,191493,9,0,28 104 8,1,14,,251875,53,0,34 6 7 8,1,11,,251889,9,0,28 104 8,1,53,,251862,49,0,5 6 7 8,1,12,,251871,9,0,28 104 8,1,14,,251897,53,0,34 6 7 8,1,6,,251890,9,0,28 104 8,1,58,,85387,49,0,5 6 7 8,1,9,,165425,9,0,28 104 8,1,13,,251873,53,0,34 6 7 8,1,17,,251891,9,0,28 104 8,1,7,,251859,49,0,5 6 7 8,1,63,,251881,9,0,28 104 8,1,5,,117341,53,0,34 6 7 8,1,25,,251900,9,0,28 104 8,1,2,,251902,49,0,5 6 7 8,1,68,,251849,9,0,28 104 8,1,0,,251880,53,0,34 6 7 8,1,27,,1211,49,0,5 6 7 8,1,3,,251893,9,0,28 104 8,1,65,,251856,53,0,34 6 7 8,1,5,,251868,9,0,28 104 8,1,22,,251853,49,0,5 6 7 8,1,8,,251855,9,0,28 104 8,1,60,,165074,53,0,34 6 7 8,1,10,,251865,9,0,28 104 8,1,17,,193912,49,0,5 6 7 8,1,13,,251903,9,0,28 104 8,1,15,,100196,53,0,34 6 7 8,1,51,,178559,9,0,28 104 8,1,16,,151186,49,0,5 6 7 8,1,11,,251846,9,0,28 104 8,1,17,,177220,53,0,34 6 7 8,1,53,,251896,9,0,28 104 8,1,26,,251883,49,0,5 6 7 8,1,3,,251888,9,0,28 104 8,1,27,,251869,53,0,34 6 7 8,1,43,,25107,9,0,28 104 8,1,24,,251877,49,0,5 6 7 8,1,6,,251878,9,0,28 104 8,1,27,,251904,53,0,34 6 7 8,1,43,,251851,9,0,28 104 8,1,22,,251841,49,0,5 6 7 8,1,8,,251844,9,0,28 104 8,1,25,,21591,53,0,34 6 7 8,1,45,,251864,9,0,28 104 8,1,19,,251848,49,0,5 6 7 8,1,11,,119515,9,0,28 104 8,1,22,,251885,53,0,34 6 7 8,1,4,,251886,9,0,28 104 8,1,56,,251898,49,0,5 6 7 8,1,16,,251895,9,0,28 104 8,1,7,,251879,53,0,34 6 7 8,1,63,,169072,9,0,28 104 8,1,0,,251863,49,0,5 6 7 8,1,28,,251870,53,0,34 6 7 8,1,2,,134240,9,0,28 104 8,1,23,,251892,49,0,5 6 7 8,1,47,,251857,9,0,28 104 8,1,21,,251901,53,0,34 6 7 8,1,9,,251843,9,0,28 104 8,1,18,,251850,49,0,5 6 7 8,1,52,,251876,9,0,28 104 8,1,13,,251887,53,0,34 6 7 8,1,12,,251842,9,0,28 104 8,1,12,,251894,49,0,5 6 7 8,1,13,,251847,9,0,28 104 8,1,51,,251884,53,0,34 6 7 8,1,14,,179658,9,0,28 104 8,1,11,,115211,49,0,5 6 7 8,1,14,,251840,9,0,28 104 8,1,16,,120211,53,0,34 6 7 8,1,49,,251866,9,0,28 104 8,1,21,,251899,49,0,5 6 7 8,1,4,,251854,9,0,28 104 8,1,25,,251867,9,0,28 104 8,1,1,,251852,53,0,34 6 7 8,1,64,,251845,9,0,28 104 8,1,6,,157417,49,0,5 6 7 8,1
9704,'2',605,,251965,53,0,34 6 7 8,1,15,,251975,9,0,28 104 8,1,9,,251943,49,0,5 6 7 8,1,21,,251930,9,0,28 104 8,1,4,,251917,53,0,34 6 7 8,1,65,,173802,49,0,5 6 7 8,1,1,,251932,9,0,28 104 8,1,23,,251931,9,0,28 104 8,1,1,,251933,53,0,34 6 7 8,1,64,,251974,9,0,28 104 8,1,1,,251956,49,0,5 6 7 8,1,29,,251968,9,0,28 104 8,1,7,,251951,53,0,34 6 7 8,1,63,,251959,9,0,28 104 8,1,2,,251925,49,0,5 6 7 8,1,28,,251924,9,0,28 104 8,1,3,,251926,53,0,34 6 7 8,1,67,,153773,9,0,28 104 8,1,2,,251942,49,0,5 6 7 8,1,28,,251941,9,0,28 104 8,1,3,,251973,53,0,34 6 7 8,1,67,,157897,9,0,28 104 8,1,2,,251920,49,0,5 6 7 8,1,24,,251966,9,0,28 104 8,1,7,,192229,53,0,34 6 7 8,1,15,,251970,9,0,28 104 8,1,54,,251916,49,0,5 6 7 8,1,15,,251949,9,0,28 104 8,1,9,,251910,53,0,34 6 7 8,1,21,,251948,9,0,28 104 8,1,45,,251906,49,0,5 6 7 8,1,25,,33645,9,0,28 104 8,1,4,,251963,53,0,34 6 7 8,1,26,,251962,9,0,28 104 8,1,0,,122813,49,0,5 6 7 8,1,69,,251929,53,0,34 6 7 8,1,1,,251918,9,0,28 104 8,1,25,,251972,49,0,5 6 7 8,1,5,,251922,9,0,28 104 8,1,64,,251971,53,0,34 6 7 8,1,6,,134715,9,0,28 104 8,1,20,,251938,49,0,5 6 7 8,1,10,,251934,9,0,28 104 8,1,59,,251913,53,0,34 6 7 8,1,11,,251947,9,0,28 104 8,1,15,,251919,49,0,5 6 7 8,1,15,,251957,9,0,28 104 8,1,54,,251921,53,0,34 6 7 8,1,16,,251937,9,0,28 104 8,1,10,,251935,49,0,5 6 7 8,1,20,,135837,9,0,28 104 8,1,49,,188079,53,0,34 6 7 8,1,21,,251936,9,0,28 104 8,1,5,,251946,49,0,5 6 7 8,1,25,,180651,9,0,28 104 8,1,4,,251928,53,0,34 6 7 8,1,63,,174285,49,0,5 6 7 8,1,1,,251909,9,0,28 104 8,1,19,,251907,53,0,34 6 7 8,1,11,,251908,9,0,28 104 8,1,52,,251905,49,0,5 6 7 8,1,13,,251954,9,0,28 104 8,1,11,,125808,53,0,34 6 7 8,1,14,,251964,9,0,28 104 8,1,11,,251952,49,0,5 6 7 8,1,54,,37099,9,0,28 104 8,1,14,,251944,53,0,34 6 7 8,1,11,,251912,9,0,28 104 8,1,16,,251958,49,0,5 6 7 8,1,51,,251911,9,0,28 104 8,1,15,,251940,53,0,34 6 7 8,1,11,,251961,9,0,28 104 8,1,13,,251915,49,0,5 6 7 8,1,12,,251914,9,0,28 104 8,1,50,,147268,53,0,34 6 7 8,1,15,,251927,9,0,28 104 8,1,12,,251953,49,0,5 6 7 8,1,13,,251969,9,0,28 104 8,1,17,,147452,53,0,34 6 7 8,1,48,,251939,9,0,28 104 8,1,22,,251955,49,0,5 6 7 8,1,3,,251967,9,0,28 104 8,1,25,,251950,9,0,28 104 8,1,2,,251960,53,0,34 6 7 8,1,63,,251945,9,0,28 104 8,1,7,,251923,49,0,5 6 7 8,1
9704,'3',818,,152349,49,0,5 6 7 8,1,19,,251997,9,0,28 104 8,1,17,,122582,53,0,34 6 7 8,1,53,,251993,9,0,28 104 8,1,14,,252033,49,0,5 6 7 8,1,16,,251987,9,0,28 104 8,1,12,,252025,53,0,34 6 7 8,1,58,,252028,9,0,28 104 8,1,9,,252021,49,0,5 6 7 8,1,21,,69869,9,0,28 104 8,1,7,,251979,53,0,34 6 7 8,1,63,,251995,9,0,28 104 8,1,4,,252002,49,0,5 6 7 8,1,22,,251991,9,0,28 104 8,1,6,,251994,53,0,34 6 7 8,1,16,,251998,9,0,28 104 8,1,51,,252008,49,0,5 6 7 8,1,19,,252013,9,0,28 104 8,1,12,,154653,53,0,34 6 7 8,1,18,,252023,9,0,28 104 8,1,52,,252016,49,0,5 6 7 8,1,18,,252005,9,0,28 104 8,1,13,,252001,53,0,34 6 7 8,1,17,,251982,9,0,28 104 8,1,52,,251999,49,0,5 6 7 8,1,18,,252024,9,0,28 104 8,1,13,,252030,53,0,34 6 7 8,1,17,,251989,9,0,28 104 8,1,52,,252004,49,0,5 6 7 8,1,18,,251981,9,0,28 104 8,1,13,,251984,53,0,34 6 7 8,1,17,,252010,9,0,28 104 8,1,52,,251996,49,0,5 6 7 8,1,18,,251988,9,0,28 104 8,1,13,,252003,53,0,34 6 7 8,1,17,,251992,9,0,28 104 8,1,52,,252031,49,0,5 6 7 8,1,18,,252012,9,0,28 104 8,1,13,,252011,53,0,34 6 7 8,1,17,,252027,9,0,28 104 8,1,52,,252014,49,0,5 6 7 8,1,18,,252015,9,0,28 104 8,1,13,,252029,53,0,34 6 7 8,1,17,,252026,9,0,28 104 8,1,51,,251983,49,0,5 6 7 8,1,17,,252009,9,0,28 104 8,1,10,,252032,53,0,34 6 7 8,1,20,,251978,9,0,28 104 8,1,48,,251986,49,0,5 6 7 8,1,17,,162611,9,0,28 104 8,1,11,,252007,53,0,34 6 7 8,1,14,,252022,9,0,28 104 8,1,11,,252017,49,0,5 6 7 8,1,54,,251977,9,0,28 104 8,1,14,,134862,53,0,34 6 7 8,1,11,,252000,9,0,28 104 8,1,16,,252006,49,0,5 6 7 8,1,51,,165902,9,0,28 104 8,1,15,,190484,53,0,34 6 7 8,1,11,,188952,9,0,28 104 8,1,11,,252020,49,0,5 6 7 8,1,14,,251990,9,0,28 104 8,1,8,,251980,53,0,34 6 7 8,1,57,,192700,9,0,28 104 8,1,10,,252019,49,0,5 6 7 8,1,15,,12308,9,0,28 104 8,1,15,,148433,53,0,34 6 7 8,1,50,,251985,9,0,28 104 8,1,20,,123826,49,0,5 6 7 8,1,5,,10828,9,0,28 104 8,1,25,,183592,9,0,28 104 8,1,0,,156230,53,0,34 6 7 8,1,65,,252018,9,0,28 104 8,1,5,,251976,49,0,5 6 7 8,1
9704,'5',603,,136490,53,0,34 6 7 8,1,17,,252073,9,0,28 104 8,1,11,,252064,49,0,5 6 7 8,1,19,,252041,9,0,28 104 8,1,52,,252052,53,0,34 6 7 8,1,18,,252079,9,0,28 104 8,1,6,,252054,49,0,5 6 7 8,1,19,,34929,9,0,28 104 8,1,7,,252088,53,0,34 6 7 8,1,55,,252093,9,0,28 104 8,1,16,,252096,49,0,5 6 7 8,1,14,,159337,9,0,28 104 8,1,17,,252051,53,0,34 6 7 8,1,53,,252062,9,0,28 104 8,1,14,,252050,49,0,5 6 7 8,1,16,,31963,9,0,28 104 8,1,12,,252046,53,0,34 6 7 8,1,58,,252080,9,0,28 104 8,1,9,,252098,49,0,5 6 7 8,1,21,,252045,9,0,28 104 8,1,7,,252066,53,0,34 6 7 8,1,63,,252034,9,0,28 104 8,1,4,,252058,49,0,5 6 7 8,1,22,,252084,9,0,28 104 8,1,6,,252087,53,0,34 6 7 8,1,16,,147953,9,0,28 104 8,1,51,,252078,49,0,5 6 7 8,1,19,,252047,9,0,28 104 8,1,12,,252063,53,0,34 6 7 8,1,18,,252042,9,0,28 104 8,1,52,,252074,49,0,5 6 7 8,1,18,,252090,9,0,28 104 8,1,13,,252049,53,0,34 6 7 8,1,17,,252060,9,0,28 104 8,1,52,,178504,49,0,5 6 7 8,1,18,,252036,9,0,28 104 8,1,13,,252071,53,0,34 6 7 8,1,17,,252072,9,0,28 104 8,1,52,,129073,49,0,5 6 7 8,1,18,,252100,9,0,28 104 8,1,13,,252053,53,0,34 6 7 8,1,17,,252095,9,0,28 104 8,1,52,,252091,49,0,5 6 7 8,1,18,,142628,9,0,28 104 8,1,13,,252043,53,0,34 6 7 8,1,17,,252055,9,0,28 104 8,1,52,,252056,49,0,5 6 7 8,1,18,,194589,9,0,28 104 8,1,13,,252035,53,0,34 6 7 8,1,17,,141787,9,0,28 104 8,1,52,,252040,49,0,5 6 7 8,1,18,,252067,9,0,28 104 8,1,13,,155852,53,0,34 6 7 8,1,17,,252038,9,0,28 104 8,1,51,,252086,49,0,5 6 7 8,1,17,,252044,9,0,28 104 8,1,10,,252083,53,0,34 6 7 8,1,20,,252077,9,0,28 104 8,1,48,,252068,49,0,5 6 7 8,1,17,,187988,9,0,28 104 8,1,11,,252069,53,0,34 6 7 8,1,14,,252037,9,0,28 104 8,1,11,,252076,49,0,5 6 7 8,1,54,,252085,9,0,28 104 8,1,14,,252099,53,0,34 6 7 8,1,11,,252061,9,0,28 104 8,1,16,,252070,49,0,5 6 7 8,1,51,,252101,9,0,28 104 8,1,15,,252081,53,0,34 6 7 8,1,11,,195787,9,0,28 104 8,1,10,,73482,49,0,5 6 7 8,1,15,,252089,9,0,28 104 8,1,8,,252048,53,0,34 6 7 8,1,57,,252039,9,0,28 104 8,1,10,,252059,49,0,5 6 7 8,1,15,,252082,9,0,28 104 8,1,15,,252057,53,0,34 6 7 8,1,50,,183677,9,0,28 104 8,1,20,,252092,49,0,5 6 7 8,1,5,,252065,9,0,28 104 8,1,25,,252097,9,0,28 104 8,1,0,,114614,53,0,34 6 7 8,1,65,,252075,9,0,28 104 8,1,5,,252094,49,0,5 6 7 8,1
32004,'1',409,,276191,43,0,11 12 138 139,1,15,,276201,43,0,11 12 138 139,1,15,,276207,43,0,11 12 138 139,1,15,,276208,43,0,11 12 138 139,1,47,,276197,24,0,11 12 138 139,1,8,,276188,43,0,11 12 138 139,1,7,,102297,24,0,11 12 138 139,1,8,,146886,43,0,11 12 138 139,1,7,,276194,24,0,11 12 138 139,1,8,,276199,43,0,11 12 138 139,1,7,,276202,24,0,11 12 138 139,1,1983,,141058,9,0,11 12 138 139,1,5,,111895,37,0,11 12 138 139,1,5,,113808,37,0,11 12 138 139,1,5,,276189,37,0,11 12 138 139,1,5,,195522,37,0,11 12 138 139,1,5,,26966,37,0,11 12 138 139,1,5,,18525,37,0,11 12 138 139,1,45,,276187,37,0,11 12 138 139,1,5,,276204,37,0,11 12 138 139,1,5,,276186,37,0,11 12 138 139,1,5,,197670,37,0,11 12 138 139,1,5,,276183,37,0,11 12 138 139,1,5,,276196,37,0,11 12 138 139,1,5,,125705,37,0,11 12 138 139,1,5,,157460,37,0,11 12 138 139,1,5,,276205,37,0,11 12 138 139,1,5,,190111,37,0,11 12 138 139,1,5,,276190,43,0,11 12 138 139,1,5,,276203,43,0,11 12 138 139,1,45,,276185,43,0,11 12 138 139,1,5,,276184,43,0,11 12 138 139,1,5,,276206,43,0,11 12 138 139,1,5,,276192,43,0,11 12 138 139,1,5,,276200,43,0,11 12 138 139,1,15,,276198,43,0,11 12 138 139,1,15,,276193,43,0,11 12 138 139,1
32004,'2',401,,276232,24,0,11 12 138 139,1,8,,142542,43,0,11 12 138 139,1,7,,276240,24,0,11 12 138 139,1,8,,276228,43,0,11 12 138 139,1,7,,276211,24,0,11 12 138 139,1,8,,276248,43,0,11 12 138 139,1,7,,276222,24,0,11 12 138 139,1,8,,276218,43,0,11 12 138 139,1,47,,276221,24,0,11 12 138 139,1,8,,276233,43,0,11 12 138 139,1,7,,276242,24,0,11 12 138 139,1,8,,276236,43,0,11 12 138 139,1,7,,276229,24,0,11 12 138 139,1,8,,276225,43,0,11 12 138 139,1,7,,276212,24,0,11 12 138 139,1,8,,276235,43,0,11 12 138 139,1,1975,,196988,9,0,11 12 138 139,1,5,,276213,37,0,11 12 138 139,1,5,,276243,37,0,11 12 138 139,1,5,,276220,37,0,11 12 138 139,1,5,,276230,37,0,11 12 138 139,1,5,,276237,37,0,11 12 138 139,1,5,,276215,37,0,11 12 138 139,1,45,,276209,37,0,11 12 138 139,1,5,,276219,37,0,11 12 138 139,1,5,,276224,37,0,11 12 138 139,1,5,,276234,37,0,11 12 138 139,1,5,,276217,37,0,11 12 138 139,1,5,,166007,37,0,11 12 138 139,1,5,,276216,37,0,11 12 138 139,1,5,,276226,37,0,11 12 138 139,1,5,,276244,37,0,11 12 138 139,1,5,,276245,43,0,11 12 138 139,1,5,,194693,43,0,11 12 138 139,1,5,,276239,43,0,11 12 138 139,1,45,,276214,43,0,11 12 138 139,1,5,,276246,43,0,11 12 138 139,1,5,,276241,43,0,11 12 138 139,1,5,,276227,43,0,11 12 138 139,1,5,,276238,43,0,11 12 138 139,1,15,,276210,43,0,11 12 138 139,1,15,,276249,43,0,11 12 138 139,1
32004,'3',401,,276292,24,0,11 12 138 139,1,8,,276267,43,0,11 12 138 139,1,7,,276268,24,0,11 12 138 139,1,8,,276308,43,0,11 12 138 139,1,7,,276272,24,0,11 12 138 139,1,8,,276297,43,0,11 12 138 139,1,7,,173664,24,0,11 12 138 139,1,8,,276286,43,0,11 12 138 139,1,47,,276253,24,0,11 12 138 139,1,8,,276271,43,0,11 12 138 139,1,7,,276283,24,0,11 12 138 139,1,8,,276298,43,0,11 12 138 139,1,7,,276323,24,0,11 12 138 139,1,8,,276311,43,0,11 12 138 139,1,7,,276258,24,0,11 12 138 139,1,8,,276282,43,0,11 12 138 139,1,3,,276275,24,0,11 12 138 139,1,43,,276278,43,0,11 12 138 139,1,3,,276321,24,0,11 12 138 139,1,2,,276313,43,0,11 12 138 139,1,3,,276290,24,0,11 12 138 139,1,3,,276318,43,0,11 12 138 139,1,3,,276250,24,0,11 12 138 139,1,3,,276289,43,0,11 12 138 139,1,3,,276291,24,0,11 12 138 139,1,3,,276315,43,0,11 12 138 139,1,3,,114580,24,0,11 12 138 139,1,3,,132416,43,0,11 12 138 139,1,3,,276284,24,0,11 12 138 139,1,3,,276301,43,0,11 12 138 139,1,3,,276312,24,0,11 12 138 139,1,3,,276254,43,0,11 12 138 139,1,3,,276306,24,0,11 12 138 139,1,3,,147521,43,0,11 12 138 139,1,3,,276252,24,0,11 12 138 139,1,3,,276304,43,0,11 12 138 139,1,3,,276257,24,0,11 12 138 139,1,3,,276270,43,0,11 12 138 139,1,43,,276262,24,0,11 12 138 139,1,3,,127382,43,0,11 12 138 139,1,3,,276265,24,0,11 12 138 139,1,3,,276279,43,0,11 12 138 139,1,3,,167508,24,0,11 12 138 139,1,3,,165264,43,0,11 12 138 139,1,3,,276264,24,0,11 12 138 139,1,3,,276287,43,0,11 12 138 139,1,3,,276316,24,0,11 12 138 139,1,3,,276317,43,0,11 12 138 139,1,3,,176641,24,0,11 12 138 139,1,3,,276319,43,0,11 12 138 139,1,3,,159234,24,0,11 12 138 139,1,3,,48822,43,0,11 12 138 139,1,3,,276269,24,0,11 12 138 139,1,3,,123832,43,0,11 12 138 139,1,3,,276266,24,0,11 12 138 139,1,3,,276294,43,0,11 12 138 139,1,3,,276261,24,0,11 12 138 139,1,3,,146762,43,0,11 12 138 139,1,43,,276314,24,0,11 12 138 139,1,3,,145426,43,0,11 12 138 139,1,3,,276300,24,0,11 12 138 139,1,1721,,276255,9,0,11 12 138 139,1,5,,276307,37,0,11 12 138 139,1,5,,276277,37,0,11 12 138 139,1,5,,276288,37,0,11 12 138 139,1,5,,140859,37,0,11 12 138 139,1,5,,276296,37,0,11 12 138 139,1,5,,276322,37,0,11 12 138 139,1,45,,276285,37,0,11 12 138 139,1,5,,276320,37,0,11 12 138 139,1,5,,276280,37,0,11 12 138 139,1,5,,119374,37,0,11 12 138 139,1,5,,276274,37,0,11 12 138 139,1,5,,276305,37,0,11 12 138 139,1,5,,276259,37,0,11 12 138 139,1,5,,276251,37,0,11 12 138 139,1,5,,276260,37,0,11 12 138 139,1,5,,276295,43,0,11 12 138 139,1,5,,276309,43,0,11 12 138 139,1,5,,276299,43,0,11 12 138 139,1,45,,276302,43,0,11 12 138 139,1,5,,276303,43,0,11 12 138 139,1,5,,194505,43,0,11 12 138 139,1,5,,276263,43,0,11 12 138 139,1,5,,276273,43,0,11 12 138 139,1,15,,276310,43,0,11 12 138 139,1,15,,276281,43,0,11 12 138 139,1
32004,'5',401,,276343,24,0,11 12 138 139,1,8,,276337,43,0,11 12 138 139,1,7,,276341,24,0,11 12 138 139,1,8,,276349,43,0,11 12 138 139,1,7,,276335,24,0,11 12 138 139,1,8,,276346,43,0,11 12 138 139,1,7,,276325,24,0,11 12 138 139,1,8,,71036,43,0,11 12 138 139,1,47,,276329,24,0,11 12 138 139,1,8,,276348,43,0,11 12 138 139,1,7,,276351,24,0,11 12 138 139,1,8,,276338,43,0,11 12 138 139,1,7,,276350,24,0,11 12 138 139,1,8,,276352,43,0,11 12 138 139,1,7,,276345,24,0,11 12 138 139,1,8,,276355,43,0,11 12 138 139,1,1975,,189101,9,0,11 12 138 139,1,5,,276347,37,0,11 12 138 139,1,5,,276344,37,0,11 12 138 139,1,5,,276363,37,0,11 12 138 139,1,5,,276327,37,0,11 12 138 139,1,5,,276362,37,0,11 12 138 139,1,5,,276361,37,0,11 12 138 139,1,45,,276356,37,0,11 12 138 139,1,5,,276334,37,0,11 12 138 139,1,5,,57999,37,0,11 12 138 139,1,5,,276340,37,0,11 12 138 139,1,5,,276354,37,0,11 12 138 139,1,5,,276353,37,0,11 12 138 139,1,5,,276324,37,0,11 12 138 139,1,5,,276333,37,0,11 12 138 139,1,5,,276342,37,0,11 12 138 139,1,5,,276328,43,0,11 12 138 139,1,5,,276358,43,0,11 12 138 139,1,5,,276336,43,0,11 12 138 139,1,45,,276364,43,0,11 12 138 139,1,5,,276339,43,0,11 12 138 139,1,5,,276332,43,0,11 12 138 139,1,5,,44449,43,0,11 12 138 139,1,5,,276357,43,0,11 12 138 139,1,15,,276331,43,0,11 12 138 139,1,15,,276330,43,0,11 12 138 139,1
