13403,'1',1104,,585336,28,0,31 16,1,14,,585326,28,0,31 16,1,15,,585293,28,0,31 16,1,15,,585349,28,0,31 16,1,55,,585347,28,0,31 16,1,15,,585350,28,0,31 16,1
13403,'2',530,,585401,6,0,31 16,1,28,,585353,6,0,31 16,1,61,,585357,28,0,31 16,1,18,,585359,28,0,31 16,1,20,,481004,28,0,31 16,1,60,,585372,28,0,31 16,1,20,,585377,28,0,31 16,1,20,,585374,28,0,31 16,1,60,,585397,28,0,31 16,1,20,,585395,28,0,31 16,1,20,,426896,28,0,31 16,1,60,,585370,28,0,31 16,1,20,,585385,28,0,31 16,1,20,,585356,28,0,31 16,1,60,,585387,28,0,31 16,1,20,,585378,28,0,31 16,1,20,,461857,28,0,31 16,1,60,,493600,28,0,31 16,1,20,,585392,28,0,31 16,1
13403,'3',821,,482193,28,0,31 16,1,21,,585405,28,0,31 16,1,58,,585422,28,0,31 16,1,18,,585411,28,0,31 16,1,18,,585404,28,0,31 16,1,18,,585442,28,0,31 16,1,58,,585444,28,0,31 16,1,18,,585435,28,0,31 16,1,18,,585402,28,0,31 16,1,58,,585431,28,0,31 16,1,18,,585421,28,0,31 16,1,18,,585437,28,0,31 16,1
13403,'5',821,,585455,28,0,31 16,1,21,,585448,28,0,31 16,1,58,,585487,28,0,31 16,1,18,,585446,28,0,31 16,1,18,,585474,28,0,31 16,1,18,,585471,28,0,31 16,1,58,,585466,28,0,31 16,1,18,,585449,28,0,31 16,1,18,,585489,28,0,31 16,1,58,,585475,28,0,31 16,1,18,,585490,28,0,31 16,1,18,,585480,28,0,31 16,1
33401,'1',329,,595187,4,4,,1,30,,595188,4,4,,1,70,,427280,4,4,,1,2130,,595199,4,4,,1,70,,595198,4,4,,1,30,,595203,4,4,,1,58,,595205,116,4,,1,30,,595190,114,4,,1,70,,595202,112,4,,1,30,,436749,112,4,,1,70,,384246,112,4,,1,30,,595204,112,4,,1
33401,'2',329,,429426,4,4,,1,30,,595220,4,4,,1,70,,595214,4,4,,1,2130,,450356,4,4,,1,70,,595211,4,4,,1,30,,476920,4,4,,1,58,,595206,116,4,,1,30,,501364,114,4,,1,70,,595216,112,4,,1,30,,503485,112,4,,1,70,,595208,112,4,,1,30,,595210,112,4,,1
33401,'3',329,,595248,4,4,,1,30,,595228,4,4,,1,70,,502578,4,4,,1,27,,595232,4,4,,1,60,,595250,4,4,,1,20,,595231,4,4,,1,20,,595243,4,4,,1,59,,595233,4,4,,1,2,,595245,112,4,,1,30,,466471,112,4,,1,64,,595242,112,4,,1,23,,595225,114,4,,1,20,,595247,114,4,,1,1805,,595252,4,4,,1,70,,595235,4,4,,1,30,,595227,4,4,,1,58,,439417,116,4,,1,30,,414702,114,4,,1,70,,486714,112,4,,1,30,,460545,112,4,,1,70,,595240,112,4,,1,30,,595239,112,4,,1
33401,'5',329,,595274,4,4,,1,30,,595266,4,4,,1,70,,595257,4,4,,1,2130,,595258,4,4,,1,70,,595259,4,4,,1,30,,595278,4,4,,1,58,,595271,116,4,,1,30,,595256,114,4,,1,70,,595273,112,4,,1,30,,595269,112,4,,1,70,,595261,112,4,,1,30,,595262,112,4,,1
33402,'1',329,,595300,1,0,17 154 8,1,30,,595281,1,0,17 154 8,1,70,,595303,1,0,17 154 8,1,2130,,595292,1,0,34 236 261,1,70,,490015,1,0,34 236 261,1,30,,595288,1,0,34 236 261,1,58,,595297,1,0,17 16,1,30,,488586,1,0,17 16,1,70,,595299,1,0,17 16,1,30,,595290,1,0,17 16,1,70,,595302,1,0,17 16,1,30,,595304,1,0,17 16,1
33402,'2',329,,595307,1,0,34 236 261,1,30,,595319,1,0,17 154 8,1,70,,595315,1,0,17 154 8,1,2130,,494820,1,0,34 236 261,1,70,,595305,1,0,34 236 261,1,30,,595306,1,0,34 236 261,1,58,,595324,1,0,17 16,1,30,,595327,1,0,17 16,1,70,,595320,1,0,17 16,1,30,,595318,1,0,17 16,1,70,,595322,1,0,17 16,1,30,,595317,1,0,17 16,1
33402,'3',329,,595356,1,0,34 236 261,1,30,,595346,1,0,34 236 261,1,70,,595354,1,0,34 52 53 8,1,27,,595353,1,0,34 52 53 8,1,60,,595333,1,0,34 52 53 8,1,20,,595338,1,0,34 52 53 8,1,20,,595363,1,0,34 52 53 8,1,60,,595348,1,0,34 52 53 8,1,17,,595350,1,0,17 154 8,1,14,,595352,1,0,17 16,1,64,,595330,1,0,17 16,1,23,,411430,1,0,17 16,1,20,,505252,1,0,17 16,1,1805,,595362,1,0,34 236 261,1,70,,595342,1,0,34 236 261,1,30,,595329,1,0,34 236 261,1,58,,595335,1,0,17 16,1,30,,595343,1,0,17 16,1,70,,595355,1,0,17 16,1,30,,595332,1,0,17 16,1,70,,447657,1,0,17 16,1,30,,595345,1,0,17 16,1
33402,'5',329,,595369,1,0,34 236 261,1,30,,595378,1,0,17 154 8,1,70,,595388,1,0,17 154 8,1,2130,,595387,1,0,34 236 261,1,70,,595373,1,0,34 236 261,1,30,,595385,1,0,34 236 261,1,58,,595371,1,0,17 16,1,30,,595379,1,0,17 16,1,70,,595383,1,0,17 16,1,30,,595364,1,0,17 16,1,70,,595384,1,0,17 16,1,30,,595368,1,0,17 16,1
35301,'1',350,,596045,4,4,,1,70,,458892,4,4,,1,30,,596047,4,4,,1,100,,596044,88,4,,1,70,,476533,88,4,,1,30,,596050,88,4,,1,1900,,596049,4,4,,1,70,,596046,4,4,,1,30,,456123,4,4,,1,70,,474365,89,4,,1,30,,387977,88,4,,1,70,,596042,88,4,,1,30,,596048,88,4,,1,70,,596043,88,4,,1
35301,'2',350,,596056,4,4,,1,70,,596061,4,4,,1,11,,596063,4,4,,1,19,,596058,4,4,,1,57,,596064,4,4,,1,24,,596062,4,4,,1,19,,596060,88,4,,1,2000,,596059,4,4,,1,70,,596051,4,4,,1,30,,596053,4,4,,1,70,,596055,89,4,,1,30,,596054,88,4,,1,70,,596057,88,4,,1,30,,497293,88,4,,1,70,,596052,88,4,,1
35301,'3',350,,596074,4,4,,1,70,,596071,4,4,,1,30,,596069,4,4,,1,70,,596077,4,4,,1,30,,596076,88,4,,1,1,,596065,4,4,,1,69,,596066,88,4,,1,30,,596068,88,4,,1,70,,596073,88,4,,1,30,,492843,88,4,,1,1800,,596072,4,4,,1,70,,596070,4,4,,1,30,,394420,89,4,,1,70,,463813,89,4,,1,30,,472771,88,4,,1,70,,596067,88,4,,1,30,,596078,88,4,,1,70,,596075,88,4,,1
35301,'5',350,,596080,4,4,,1,70,,596079,4,4,,1,13,,596084,4,4,,1,17,,596081,4,4,,1,53,,596092,4,4,,1,47,,596085,88,4,,1,70,,596087,88,4,,1,1930,,596089,4,4,,1,70,,596088,4,4,,1,30,,596086,89,4,,1,70,,596090,89,4,,1,30,,596093,88,4,,1,70,,596083,88,4,,1,30,,596091,88,4,,1,70,,596082,88,4,,1
35302,'1',351,,442752,1,0,11 12 14 78,1,70,,458278,1,0,11 12 14 78,1,30,,596101,1,0,11 12 14 78,1,100,,502354,1,0,11 12 14 78,1,70,,596099,1,0,11 12 14 78,1,30,,596100,1,0,11 12 14 78,1,1900,,596095,1,0,11 12 14 78,1,70,,474489,1,0,11 12 14 78,1,30,,596096,1,0,11 12 14 78,1,70,,596097,1,0,11 12 14 78,1,30,,461401,1,0,11 12 14 78,1,70,,379523,1,0,11 12 14 78,1,30,,596094,1,0,11 12 14 78,1,70,,596098,1,0,11 12 14 78,1
35302,'2',351,,596109,1,0,11 12 14 78,1,70,,489473,1,0,11 12 14 78,1,11,,596108,1,0,11 12 14 78,1,19,,596105,1,0,11 12 14 78,1,57,,596110,1,0,11 12 14 78,1,24,,596106,1,0,11 12 14 78,1,19,,596112,1,0,11 12 14 78,1,2000,,596103,1,0,11 12 14 78,1,70,,413236,1,0,11 12 14 78,1,30,,596104,1,0,11 12 14 78,1,70,,596107,1,0,11 12 14 78,1,30,,596111,1,0,11 12 14 78,1,70,,466761,1,0,11 12 14 78,1,30,,596102,1,0,11 12 14 78,1,70,,506211,1,0,11 12 14 78,1
35302,'3',351,,439386,1,0,11 12 14 78,1,70,,493279,1,0,11 12 14 78,1,30,,596118,1,0,11 12 14 78,1,70,,405918,1,0,11 12 14 78,1,30,,596123,1,0,11 12 14 78,1,70,,596115,1,0,11 12 14 78,1,30,,596117,1,0,11 12 14 78,1,70,,596119,1,0,11 12 14 78,1,30,,408502,1,0,11 12 14 78,1,1800,,596124,1,0,11 12 14 78,1,70,,596125,1,0,11 12 14 78,1,30,,596113,1,0,11 12 14 78,1,70,,596114,1,0,11 12 14 78,1,30,,596120,1,0,11 12 14 78,1,70,,596116,1,0,11 12 14 78,1,30,,386542,1,0,11 12 14 78,1,70,,596121,1,0,11 12 14 78,1
35302,'5',351,,596132,1,0,11 12 14 78,1,70,,596129,1,0,11 12 14 78,1,13,,596128,1,0,11 12 14 78,1,17,,596134,1,0,11 12 14 78,1,53,,596135,1,0,11 12 14 78,1,47,,596137,1,0,11 12 14 78,1,70,,596139,1,0,11 12 14 78,1,1930,,596133,1,0,11 12 14 78,1,70,,596130,1,0,11 12 14 78,1,30,,596136,1,0,11 12 14 78,1,70,,596131,1,0,11 12 14 78,1,30,,596127,1,0,11 12 14 78,1,70,,596138,1,0,11 12 14 78,1,30,,596126,1,0,11 12 14 78,1,70,,596140,1,0,11 12 14 78,1
