3401,'1',559,,467025,1,0,55 8,1,60,,385234,29,0,55 8,1,19,,400834,29,0,55 8,1,16,,467013,29,0,55 8,1,59,,467022,29,0,55 8,1,20,,387882,29,0,55 8,1,20,,379223,29,0,55 8,1,60,,467026,29,0,55 8,1,20,,385241,29,0,55 8,1,20,,457352,29,0,55 8,1,57,,379547,29,0,55 8,1,20,,467028,29,0,55 8,1,18,,467024,29,0,55 8,1,58,,467030,29,0,55 8,1,20,,467009,29,0,55 8,1,20,,467008,29,0,55 8,1,60,,385236,29,0,55 8,1,20,,418371,29,0,55 8,1,20,,467037,29,0,55 8,1,60,,467006,29,0,55 8,1,20,,467031,29,0,55 8,1,20,,458058,29,0,55 8,1,60,,444452,29,0,55 8,1,20,,376434,29,0,55 8,1,18,,467003,29,0,55 8,1,56,,467032,29,0,55 8,1,19,,467015,29,0,55 8,1,20,,414311,29,0,55 8,1,20,,454320,29,0,55 8,1,60,,467004,29,0,55 8,1,20,,467016,29,0,55 8,1,20,,467038,29,0,55 8,1,60,,467002,29,0,55 8,1,20,,467033,29,0,55 8,1,20,,431014,29,0,55 8,1,59,,385237,29,0,55 8,1,18,,432265,29,0,55 8,1,19,,467020,29,0,55 8,1,60,,467019,29,0,55 8,1,20,,467035,29,0,55 8,1,10,,399514,29,0,55 8,1,10,,467021,29,0,55 8,1,57,,416179,29,0,55 8,1,14,,467007,29,0,55 8,1,18,,467017,29,0,55 8,1,60,,384520,29,0,55 8,1,20,,467018,29,0,55 8,1,10,,467001,29,0,55 8,1,10,,467010,29,0,55 8,1,60,,467011,29,0,55 8,1,20,,467029,29,0,55 8,1,20,,467012,29,0,55 8,1,60,,379614,29,0,55 8,1,15,,467005,29,0,55 8,1,16,,385240,29,0,55 8,1,20,,436942,29,0,55 8,1,60,,467027,29,0,55 8,1,20,,467034,29,0,55 8,1,20,,445552,29,0,55 8,1,60,,467023,29,0,55 8,1,20,,442130,29,0,55 8,1,20,,467014,29,0,55 8,1,60,,467036,29,0,55 8,1,20,,392762,29,0,55 8,1
3401,'2',559,,426898,1,0,55 8,1,55,,467073,1,0,55 8,1,15,,451018,29,0,55 8,1,20,,378284,29,0,55 8,1,60,,467063,29,0,55 8,1,20,,467057,29,0,55 8,1,17,,467060,29,0,55 8,1,54,,467062,29,0,55 8,1,20,,385301,29,0,55 8,1,20,,467067,29,0,55 8,1,60,,467052,29,0,55 8,1,20,,467064,29,0,55 8,1,20,,443817,29,0,55 8,1,60,,467047,29,0,55 8,1,20,,414002,29,0,55 8,1,16,,426396,29,0,55 8,1,19,,407283,29,0,55 8,1,58,,467059,29,0,55 8,1,20,,467043,29,0,55 8,1,20,,467048,29,0,55 8,1,60,,385306,29,0,55 8,1,20,,467058,29,0,55 8,1,20,,402794,29,0,55 8,1,60,,467070,29,0,55 8,1,20,,467066,29,0,55 8,1,20,,411254,29,0,55 8,1,60,,452873,29,0,55 8,1,20,,467050,29,0,55 8,1,20,,395156,29,0,55 8,1,60,,385307,29,0,55 8,1,20,,385310,29,0,55 8,1,20,,385304,29,0,55 8,1,60,,452268,29,0,55 8,1,20,,467039,29,0,55 8,1,20,,385311,29,0,55 8,1,59,,450946,29,0,55 8,1,19,,385303,29,0,55 8,1,20,,467045,29,0,55 8,1,60,,390210,29,0,55 8,1,20,,467041,29,0,55 8,1,10,,467046,29,0,55 8,1,10,,467053,29,0,55 8,1,60,,467069,29,0,55 8,1,20,,386953,29,0,55 8,1,20,,467072,29,0,55 8,1,58,,467056,29,0,55 8,1,18,,396204,29,0,55 8,1,15,,467071,29,0,55 8,1,60,,385308,29,0,55 8,1,20,,467040,29,0,55 8,1,10,,400994,29,0,55 8,1,10,,467055,29,0,55 8,1,60,,467061,29,0,55 8,1,20,,467068,29,0,55 8,1,20,,467051,29,0,55 8,1,60,,454078,29,0,55 8,1,16,,429979,29,0,55 8,1,18,,467042,29,0,55 8,1,20,,467049,29,0,55 8,1,60,,467044,29,0,55 8,1,20,,467065,29,0,55 8,1,20,,467054,29,0,55 8,1,60,,383025,29,0,55 8,1,20,,375152,29,0,55 8,1
3401,'3',813,,467088,29,0,55 8,1,25,,385369,29,0,55 8,1,20,,467091,29,0,55 8,1,60,,467087,29,0,55 8,1,19,,381654,29,0,55 8,1,17,,385370,29,0,55 8,1,59,,467090,29,0,55 8,1,20,,467082,29,0,55 8,1,20,,388178,29,0,55 8,1,60,,467081,29,0,55 8,1,18,,385372,29,0,55 8,1,19,,467075,29,0,55 8,1,59,,467089,29,0,55 8,1,20,,405448,29,0,55 8,1,20,,405976,29,0,55 8,1,60,,467095,29,0,55 8,1,20,,467105,29,0,55 8,1,20,,397638,29,0,55 8,1,60,,420528,29,0,55 8,1,20,,467084,29,0,55 8,1,20,,448536,29,0,55 8,1,60,,426254,29,0,55 8,1,20,,467093,29,0,55 8,1,20,,436888,29,0,55 8,1,60,,467092,29,0,55 8,1,20,,467100,29,0,55 8,1,20,,467098,29,0,55 8,1,60,,385989,29,0,55 8,1,20,,389970,29,0,55 8,1,20,,451907,29,0,55 8,1,60,,467099,29,0,55 8,1,16,,467077,29,0,55 8,1,19,,431199,29,0,55 8,1,60,,467096,29,0,55 8,1,20,,467097,29,0,55 8,1,20,,467103,29,0,55 8,1,10,,467085,29,0,55 8,1,50,,467094,29,0,55 8,1,17,,393841,29,0,55 8,1,18,,385367,29,0,55 8,1,20,,385371,29,0,55 8,1,60,,437798,29,0,55 8,1,20,,467104,29,0,55 8,1,20,,467102,29,0,55 8,1,60,,467076,29,0,55 8,1,20,,467080,29,0,55 8,1,20,,467078,29,0,55 8,1,58,,385365,29,0,55 8,1,18,,467101,29,0,55 8,1,20,,467106,29,0,55 8,1,60,,467083,29,0,55 8,1,20,,467079,29,0,55 8,1,20,,434068,29,0,55 8,1,60,,467074,29,0,55 8,1,20,,467086,29,0,55 8,1
33401,'1',539,,458165,29,0,5 55 8,1,20,,507086,29,4,,1,1995,,431844,47,0,5 55 8,1,55,,507078,29,0,34 16 3 57,1
33401,'2',544,,507094,27,0,5 55 8,1,60,,507100,53,4,,1,16,,386853,27,4,,1,1934,,507095,47,0,5 55 8,1,55,,431293,29,0,34 16 3 57,1
33401,'3',2554,,507126,47,0,5 55 8,1,55,,507123,29,0,34 16 3 57,1
35401,'1',540,,507662,1,0,58,1,2061,,507664,1,0,58,1
35401,'2',2601,,418989,1,0,58,1
35401,'3',745,,404559,1,0,58,1,1856,,449219,1,0,58,1
35402,'1',537,,507693,58,4,,1,13,,507691,74,4,,1,55,,449620,58,4,,1
35402,'2',545,,507706,74,4,,1
