6304,'1',537,,548059,1,0,92 48,1,13,,548057,1,0,92 48,1
6304,'2',546,,548106,1,0,92 48,1
6304,'3',546,,548381,1,0,92 48,1,55,,548550,1,0,92 48,1,10,,548431,1,0,92 48,1,10,,548472,1,0,92 48,1,10,,548499,1,0,92 48,1,10,,548349,1,0,92 48,1,10,,548399,1,0,92 48,1,50,,548481,1,0,92 48,1,10,,548580,1,0,92 48,1,10,,548369,1,0,92 48,1,10,,548348,1,0,92 48,1,10,,548435,1,0,92 48,1
6304,'5',546,,548712,1,0,92 48,1
9004,'1',543,,564106,1,0,6 7 250 8,1
9004,'2',541,,564215,1,0,6 7 250 8,1
9004,'5',541,,564308,1,0,6 7 250 8,1
16402,'1',515,,588740,1,0,52 53 8,1
16402,'2',529,,588789,1,0,52 53 8,1
16402,'3',707,,588821,1,0,52 53 8,1,18,,588820,1,0,52 53 8,1
16402,'5',530,,588868,1,0,52 53 8,1
33402,'1',449,,595300,98,0,17 154 8,1,55,,595293,42,0,17 154 8,1,15,,595281,98,0,17 154 8,1,10,,595301,42,0,17 154 8,1,11,,595294,42,0,17 154 8,1,8,,509024,14,0,17 154 8,1,2071,,467288,43,0,34 236 261,1,15,,595283,42,0,5 132 133,1,15,,595295,42,0,34 236 261,1,55,,595291,42,0,5 132 133,1,15,,595292,98,0,34 236 261,1,15,,595284,42,0,5 132 133,1,15,,490015,98,0,34 236 261,1,55,,595296,42,0,5 132 133,1,15,,595288,98,0,34 236 261,1,15,,390424,42,0,5 132 133,1
33402,'2',449,,595307,98,0,34 236 261,1,55,,595325,42,0,5 132 133,1,15,,595319,98,0,17 154 8,1,16,,595328,42,0,5 132 133,1,11,,595315,98,0,17 154 8,1,2073,,595313,43,0,34 236 261,1,15,,595316,42,0,5 132 133,1,15,,595326,42,0,34 236 261,1,55,,595311,42,0,5 132 133,1,15,,494820,98,0,34 236 261,1,15,,595308,42,0,5 132 133,1,15,,595305,98,0,34 236 261,1,55,,595310,42,0,5 132 133,1,15,,595306,98,0,34 236 261,1,15,,595314,42,0,5 132 133,1
33402,'3',449,,595356,98,0,34 236 261,1,55,,595349,42,0,5 132 133,1,15,,595346,98,0,34 236 261,1,15,,595361,42,0,5 132 133,1,15,,595354,98,0,34 52 53 8,1,52,,595347,42,0,17 154 8,1,15,,595353,98,0,34 52 53 8,1,10,,503274,42,0,17 154 8,1,10,,595333,98,0,34 52 53 8,1,10,,595344,42,0,17 154 8,1,10,,595338,98,0,34 52 53 8,1,50,,595340,42,0,17 154 8,1,10,,595363,98,0,34 52 53 8,1,10,,504270,42,0,17 154 8,1,10,,595348,98,0,34 52 53 8,1,10,,595360,42,0,17 154 8,1,1873,,595336,43,0,34 236 261,1,15,,595337,42,0,5 132 133,1,15,,595331,42,0,34 236 261,1,55,,595358,42,0,5 132 133,1,15,,595362,98,0,34 236 261,1,15,,595357,42,0,5 132 133,1,15,,595342,98,0,34 236 261,1,55,,595334,42,0,5 132 133,1,15,,595329,98,0,34 236 261,1,15,,595339,42,0,5 132 133,1
33402,'5',449,,595369,98,0,34 236 261,1,55,,595374,42,0,5 132 133,1,15,,595378,98,0,17 154 8,1,15,,595386,42,0,5 132 133,1,15,,595388,98,0,17 154 8,1,2070,,595381,43,0,34 236 261,1,15,,595365,42,0,5 132 133,1,15,,595366,42,0,34 236 261,1,55,,595370,42,0,5 132 133,1,15,,595387,98,0,34 236 261,1,15,,595382,42,0,5 132 133,1,15,,595373,98,0,34 236 261,1,55,,595377,42,0,5 132 133,1,15,,595385,98,0,34 236 261,1,15,,595375,42,0,5 132 133,1
36304,'1',445,,596283,1,0,11 12 94,1,59,,596280,1,0,11 12 94,1,19,,596278,1,0,17 11 12 92 48,1,2122,,596281,1,0,11 12 94,1,70,,596279,1,0,11 12 94,1,30,,596284,1,0,11 12 94,1,70,,596285,1,0,11 12 94,1
36304,'2',445,,596288,1,0,11 12 94,1,61,,596286,1,0,11 12 94,1,20,,596290,1,0,17 11 12 92 48,1,2119,,596289,1,0,11 12 94,1,70,,596287,1,0,11 12 94,1,30,,596291,1,0,11 12 94,1,70,,596292,1,0,11 12 94,1
36304,'3',445,,596296,1,0,11 12 94,1,61,,475903,1,0,11 12 94,1,20,,596294,1,0,17 11 12 92 48,1,2119,,596295,1,0,11 12 94,1,70,,469689,1,0,11 12 94,1,30,,596297,1,0,11 12 94,1,70,,596293,1,0,11 12 94,1
36304,'5',445,,596302,1,0,11 12 94,1,61,,596303,1,0,11 12 94,1,20,,596301,1,0,17 11 12 92 48,1,2119,,596306,1,0,11 12 94,1,70,,596305,1,0,11 12 94,1,30,,596300,1,0,11 12 94,1,70,,596299,1,0,11 12 94,1
