2904,'1',527,,14126,2,0,28 94 207 208,1,11,,14100,2,0,5 94 186 187,1
2904,'2',527,,14185,2,0,28 94 207 208,1,11,,14274,2,0,5 94 186 187,1,9,,14319,2,0,28 94 207 208,1
2904,'5',528,,14612,2,0,5 94 186 187,1,9,,14492,2,0,28 94 207 208,1,11,,14580,2,0,5 94 186 187,1
9602,'1',504,,66828,2,0,5 123 124,1,15,,66949,2,0,34 125 1 95,1
9602,'2',416,,67009,2,0,34 125 1 95,1,15,,66982,2,0,5 123 124,1,15,,67054,2,0,34 125 1 95,1,55,,66990,2,0,5 123 124,1,15,,67008,2,0,34 125 1 95,1,13,,67101,14,0,5 123 124,1
9602,'3',444,,67181,2,0,5 123 124,1,63,,67251,2,0,34 125 1 95,1,20,,67259,2,0,5 123 124,1,13,,67249,14,0,34 125 1 95,1,12,,67200,14,0,5 123 124,1,52,,67127,14,0,34 125 1 95,1,12,,67194,14,0,5 123 124,1,12,,67169,14,0,34 125 1 95,1,12,,67198,14,0,5 123 124,1,12,,67253,14,0,34 125 1 95,1,52,,67168,14,0,5 123 124,1,12,,67189,14,0,34 125 1 95,1,12,,67130,14,0,5 123 124,1
9602,'5',416,,67354,2,0,34 125 1 95,1,15,,67410,2,0,5 123 124,1,13,,67391,2,0,34 125 1 95,1,56,,67316,2,0,5 123 124,1,15,,67291,2,0,34 125 1 95,1,14,,67269,2,0,5 123 124,1,14,,67373,2,0,34 125 1 95,1
10103,'1',507,,70057,2,0,16 18 8,1,29,,70039,2,0,16 18 8,1
16502,'1',509,,92521,2,0,9,1,10,,92638,2,0,9,1
16502,'3',736,,92976,2,0,9,1
32904,'1',422,,97675,15,0,94,1,30,,97678,15,0,94,1,55,,97673,2,0,94,1,10,,97667,2,0,94,1,6,,97670,15,4,,1,2015,,97676,4,0,94,1,15,,97669,4,0,94,1,69,,97679,4,0,94,1,30,,97671,15,0,94,1,70,,97674,15,0,94,1,30,,97668,15,0,94,1
32904,'2',422,,97681,15,0,94,1,30,,97685,15,0,94,1,55,,97688,2,0,94,1,10,,97690,2,0,94,1,6,,97682,15,4,,1,20,,97689,15,4,,1,1995,,97691,4,0,94,1,15,,97684,4,0,94,1,69,,97687,4,0,94,1,30,,97680,15,0,94,1,70,,97686,15,0,94,1,30,,97692,15,0,94,1
32904,'3',422,,97703,15,0,94,1,30,,97697,15,0,94,1,55,,97695,2,0,94,1,15,,97707,15,0,94,1,10,,97699,2,0,94 186 187,1,11,,97705,15,0,94,1,10,,97712,2,0,94 186 187,1,50,,97717,2,0,94,1,10,,97713,15,0,94 186 187,1,10,,97696,2,0,94,1,10,,97711,2,0,94 186 187,1,10,,97709,15,0,94,1,10,,97706,2,0,94 186 187,1,50,,97708,2,0,94,1,10,,97702,15,0,94 186 187,1,10,,97716,2,0,94,1,10,,97715,2,0,94,1,1805,,97694,4,0,94,1,15,,97693,4,0,94,1,69,,97700,4,0,94,1,30,,97704,15,0,94,1,70,,97698,15,0,94,1,30,,97701,15,0,94,1
32904,'5',422,,97718,15,0,94,1,30,,97729,15,0,94,1,55,,97730,2,0,94,1,10,,97727,2,0,94,1,6,,97722,15,4,,1,20,,97719,15,4,,1,1995,,97725,4,0,94,1,15,,97724,4,0,94,1,69,,97726,4,0,94,1,30,,97720,15,0,94,1,70,,97721,15,0,94,1,30,,97728,15,0,94,1
39602,'1',524,,99511,14,0,11 12 86 87 3 9,1,2100,,99502,14,0,11 12 86 87 3 9,1,20,,99509,14,0,11 12 86 87 3 9,1,60,,99506,14,0,11 12 86 87 3 9,1,20,,99505,14,0,11 12 86 87 3 9,1,20,,99508,14,0,11 12 86 87 3 9,1,60,,99507,14,0,11 12 86 87 3 9,1,20,,99510,14,0,11 12 86 87 3 9,1,20,,99503,14,0,11 12 86 87 3 9,1,60,,99504,14,0,11 12 86 87 3 9,1
39602,'2',524,,99513,14,0,11 12 86 87 3 9,1,2100,,99518,14,0,11 12 86 87 3 9,1,20,,99516,14,0,11 12 86 87 3 9,1,60,,99514,14,0,11 12 86 87 3 9,1,20,,99519,14,0,11 12 86 87 3 9,1,20,,99515,14,0,11 12 86 87 3 9,1,60,,99517,14,0,11 12 86 87 3 9,1,20,,99521,14,0,11 12 86 87 3 9,1,20,,99520,14,0,11 12 86 87 3 9,1,60,,99512,14,0,11 12 86 87 3 9,1
39602,'3',524,,99522,14,0,11 12 86 87 3 9,1,2100,,99528,14,0,11 12 86 87 3 9,1,20,,99529,14,0,11 12 86 87 3 9,1,60,,99526,14,0,11 12 86 87 3 9,1,20,,99524,14,0,11 12 86 87 3 9,1,20,,99530,14,0,11 12 86 87 3 9,1,60,,99527,14,0,11 12 86 87 3 9,1,20,,99525,14,0,11 12 86 87 3 9,1,20,,99531,14,0,11 12 86 87 3 9,1,60,,99523,14,0,11 12 86 87 3 9,1
39602,'5',524,,99538,14,0,11 12 86 87 3 9,1,2100,,99541,14,0,11 12 86 87 3 9,1,20,,99532,14,0,11 12 86 87 3 9,1,60,,99534,14,0,11 12 86 87 3 9,1,20,,99533,14,0,11 12 86 87 3 9,1,20,,99537,14,0,11 12 86 87 3 9,1,60,,99536,14,0,11 12 86 87 3 9,1,20,,99535,14,0,11 12 86 87 3 9,1,20,,99540,14,0,11 12 86 87 3 9,1,60,,99539,14,0,11 12 86 87 3 9,1
