4002,'1',511,,390406,1,0,5 73 15,1,29,,390434,1,0,5 73 15,1
4002,'2',527,,390444,1,0,5 73 15,1
4002,'3',727,,390583,1,0,5 73 15,1,30,,390552,1,0,5 73 15,1
16803,'1',436,,444252,1,0,52 53 8,1,70,,444188,1,0,52 53 8,1,20,,444207,1,0,52 53 8,1,15,,444184,1,0,52 53 8,1
16803,'2',537,,444330,1,0,52 53 8,1
16803,'3',538,,444342,1,0,52 53 8,1,64,,444359,1,0,52 53 8,1,22,,444358,1,0,52 53 8,1,22,,444351,1,0,52 53 8,1,62,,444381,1,0,52 53 8,1,22,,444374,1,0,52 53 8,1,22,,444399,1,0,52 53 8,1
16804,'1',455,,444439,23,4,,1,69,,444417,23,4,,1,12,,444488,23,4,,1,2102,,444437,23,4,,1
16804,'2',2638,,444576,23,4,,1
16804,'3',555,,444638,23,4,,1,62,,444588,23,4,,1,22,,444624,23,4,,1,62,,444584,23,4,,1,22,,444583,23,4,,1,21,,444596,23,4,,1,1894,,444654,23,4,,1
34001,'1',506,,449224,22,4,,1,30,,449225,22,4,,1,2100,,449226,22,4,,1,70,,449223,22,4,,1,30,,449222,22,4,,1,70,,449229,22,4,,1,30,,449230,22,4,,1
34001,'2',506,,449237,22,4,,1,30,,449235,22,4,,1,2100,,449231,22,4,,1,70,,449234,22,4,,1,30,,449239,22,4,,1,70,,449233,22,4,,1,30,,449238,22,4,,1
34001,'3',506,,449241,22,4,,1,30,,449248,22,4,,1,70,,449244,22,4,,1,21,,449253,22,4,,1,20,,449251,22,4,,1,60,,449246,22,4,,1,20,,449254,22,4,,1,20,,449245,22,4,,1,1889,,449250,22,4,,1,70,,449249,22,4,,1,30,,449252,22,4,,1,70,,449247,22,4,,1,30,,449240,22,4,,1
34002,'1',439,,449260,1,0,6 7 3 128,1,70,,449256,1,0,6 7 3 128,1,30,,449261,1,0,11 12,1,2100,,449262,1,0,6 7 3 128,1,70,,449257,1,0,6 7 3 128,1,30,,449255,1,0,6 7 3 128,1,70,,449259,1,0,6 7 3 128,1
34002,'2',439,,449272,1,0,6 7 3 128,1,70,,449264,1,0,6 7 3 128,1,30,,449268,1,0,11 12,1,2100,,449270,1,0,6 7 3 128,1,70,,449265,1,0,6 7 3 128,1,30,,449271,1,0,6 7 3 128,1,70,,449267,1,0,6 7 3 128,1
34002,'3',439,,449281,1,0,6 7 3 128,1,70,,449275,1,0,6 7 3 128,1,30,,449285,1,0,6 7 3 128,1,70,,449277,1,0,6 7 3 128,1,20,,449276,1,0,6 7 3 128,1,20,,449273,1,0,6 7 3 128,1,64,,449282,1,0,6 7 3 128,1,30,,449279,1,0,11 12,1,1896,,449274,1,0,6 7 3 128,1,70,,449280,1,0,6 7 3 128,1,30,,449284,1,0,6 7 3 128,1,70,,449283,1,0,6 7 3 128,1
