701,0,'North',7
700,0,'South',7
801,0,'North',8
800,0,'South',8
901,0,'North',9
900,0,'South',9
1000,0,'East',10
1001,0,'West',10
1101,0,'North',11
1100,0,'South',11
1200,0,'East',12
1201,0,'West',12
1301,0,'North',13
1300,0,'South',13
1400,0,'East',14
1401,0,'West',14
1500,0,'East',15
1501,0,'West',15
1601,0,'North',16
1600,0,'South',16
1701,0,'North',17
1700,0,'South',17
1801,0,'North',18
1800,0,'South',18
1901,0,'North',19
1900,0,'South',19
2000,0,'East',20
2001,0,'West',20
2101,0,'North',21
2100,0,'South',21
2201,0,'North',22
2200,0,'South',22
2301,0,'North',23
2300,0,'South',23
2401,0,'North',24
2400,0,'South',24
2501,0,'North',25
2500,0,'South',25
2600,0,'East',26
2601,0,'West',26
2701,0,'North',27
2700,0,'South',27
2800,0,'East',28
2801,0,'West',28
2901,0,'North',29
2900,0,'South',29
3001,0,'North',30
3000,0,'South',30
3101,0,'North',31
3100,0,'South',31
3200,0,'East',32
3201,0,'West',32
3301,0,'North',33
3300,0,'South',33
3400,0,'East',34
3401,0,'West',34
3501,0,'North',35
3500,0,'South',35
3600,0,'East',36
3601,0,'West',36
3701,0,'North',37
3700,0,'South',37
3800,0,'East',38
3801,0,'West',38
3900,0,'East',39
3901,0,'West',39
4000,0,'East',40
4001,0,'West',40
4101,0,'North',41
4100,0,'South',41
4200,0,'East',42
4201,0,'West',42
4301,0,'North',43
4300,0,'South',43
4401,0,'North',44
4400,0,'South',44
4501,0,'North',45
4500,0,'South',45
4601,0,'North',46
4600,0,'South',46
4701,0,'North',47
4700,0,'South',47
4800,0,'East',48
4801,0,'West',48
4900,0,'East',49
4901,0,'West',49
5000,0,'East',50
5001,0,'West',50
5101,0,'North',51
5100,0,'South',51
5200,0,'East',52
5201,0,'West',52
5300,0,'East',53
5301,0,'West',53
5400,0,'East',54
5401,0,'West',54
5501,0,'North',55
5500,0,'South',55
5701,0,'North',57
5700,0,'South',57
5900,0,'East',59
5901,0,'West',59
6000,0,'East',60
6001,0,'West',60
6101,0,'North',61
6100,0,'South',61
6200,0,'East',62
6201,0,'West',62
6301,0,'North',63
6300,0,'South',63
6401,0,'North',64
6400,0,'South',64
6501,0,'North',65
6500,0,'South',65
6601,0,'North',66
6600,0,'South',66
6701,0,'North',67
6700,0,'South',67
6801,0,'North',68
6800,0,'South',68
6901,0,'North',69
6900,0,'South',69
7000,0,'East',70
7001,0,'West',70
7101,0,'North',71
7100,0,'South',71
7201,0,'North',72
7200,0,'South',72
7301,0,'North',73
7300,0,'South',73
7401,0,'North',74
7400,0,'South',74
7501,0,'North',75
7500,0,'South',75
7601,0,'North',76
7600,0,'South',76
7701,0,'North',77
7700,0,'South',77
7800,0,'East',78
7801,0,'West',78
7901,0,'North',79
7900,0,'South',79
8000,0,'East',80
8001,0,'West',80
8200,0,'East',82
8201,0,'West',82
8301,0,'North',83
8300,0,'South',83
8400,0,'East',84
8401,0,'West',84
8500,0,'East',85
8501,0,'West',85
8600,0,'East',86
8601,0,'West',86
8700,0,'East',87
8701,0,'West',87
8800,0,'East',88
8801,0,'West',88
8901,0,'North',89
8900,0,'South',89
9001,0,'North',90
9000,0,'South',90
9101,0,'North',91
9100,0,'South',91
9201,0,'North',92
9200,0,'South',92
9301,0,'North',93
9300,0,'South',93
9400,0,'East',94
9401,0,'West',94
9500,0,'East',95
9501,0,'West',95
9600,0,'East',96
9601,0,'West',96
9701,0,'North',97
9700,0,'South',97
9800,0,'East',98
9801,0,'West',98
9901,0,'North',99
9900,0,'South',99
10001,0,'North',100
10000,0,'South',100
10101,0,'North',101
10100,0,'South',101
10201,0,'North',102
10200,0,'South',102
10301,0,'North',103
10300,0,'South',103
10401,0,'North',104
10400,0,'South',104
10501,0,'North',105
10500,0,'South',105
10600,0,'East',106
10601,0,'West',106
10701,0,'North',107
10700,0,'South',107
10800,0,'East',108
10801,0,'West',108
10901,0,'North',109
10900,0,'South',109
11001,0,'North',110
11000,0,'South',110
11101,0,'North',111
11100,0,'South',111
11201,0,'North',112
11200,0,'South',112
11300,0,'East',113
11301,0,'West',113
11400,0,'East',114
11401,0,'West',114
11500,0,'East',115
11501,0,'West',115
11600,0,'East',116
11601,0,'West',116
11701,0,'North',117
11700,0,'South',117
11800,0,'East',118
11801,0,'West',118
11900,0,'East',119
11901,0,'West',119
12000,0,'East',120
12001,0,'West',120
12100,0,'East',121
12101,0,'West',121
12200,0,'East',122
12201,0,'West',122
12301,0,'North',123
12300,0,'South',123
12400,0,'East',124
12401,0,'West',124
12500,0,'East',125
12501,0,'West',125
12601,0,'North',126
12600,0,'South',126
12700,0,'East',127
12701,0,'West',127
12901,0,'North',129
12900,0,'South',129
13001,0,'North',130
13000,0,'South',130
13100,0,'East',131
13101,0,'West',131
13200,0,'East',132
13201,0,'West',132
13301,0,'North',133
13300,0,'South',133
13401,0,'North',134
13400,0,'South',134
13500,0,'East',135
13501,0,'West',135
14900,0,'East',149
14901,0,'West',149
15101,0,'North',151
15100,0,'South',151
15400,0,'East',154
15401,0,'West',154
15601,0,'North',156
15600,0,'South',156
15800,0,'East',158
15801,0,'West',158
16001,0,'North',160
16000,0,'South',160
16100,0,'East',161
16101,0,'West',161
16200,0,'East',162
16201,0,'West',162
16400,0,'East',164
16401,0,'West',164
16500,0,'East',165
16501,0,'West',165
16600,0,'East',166
16601,0,'West',166
16701,0,'North',167
16700,0,'South',167
16801,0,'North',168
16800,0,'South',168
16900,0,'East',169
16901,0,'West',169
17101,0,'North',171
17100,0,'South',171
18400,0,'East',184
18401,0,'West',184
18500,0,'East',185
18501,0,'West',185
18900,0,'East',189
18901,0,'West',189
19101,0,'North',191
19100,0,'South',191
20301,0,'North',203
20300,0,'South',203
30000,0,'East',300
30001,0,'West',300
30701,0,'North',307
30700,0,'South',307
31500,0,'East',315
31501,0,'West',315
31601,0,'North',316
31600,0,'South',316
32001,0,'North',320
32000,0,'South',320
32200,0,'East',322
32201,0,'West',322
32401,0,'North',324
32400,0,'South',324
32501,0,'North',325
32500,0,'South',325
32901,0,'North',329
32900,0,'South',329
33400,0,'East',334
33401,0,'West',334
33501,0,'North',335
33500,0,'South',335
33600,0,'East',336
33601,0,'West',336
33701,0,'North',337
33700,0,'South',337
33900,0,'East',339
33901,0,'West',339
34000,0,'East',340
34001,0,'West',340
34101,0,'North',341
34100,0,'South',341
34301,0,'North',343
34300,0,'South',343
35200,0,'East',352
35201,0,'West',352
35300,0,'East',353
35301,0,'West',353
35400,0,'East',354
35401,0,'West',354
36301,0,'North',363
36300,0,'South',363
36501,0,'North',365
36500,0,'South',365
38400,0,'East',384
38401,0,'West',384
38500,0,'East',385
38501,0,'West',385
38600,0,'East',386
38601,0,'West',386
39500,0,'East',395
39501,0,'West',395
39600,0,'East',396
39601,0,'West',396
40000,0,'East',400
40001,0,'West',400
40201,0,'North',402
40200,0,'South',402
40301,0,'North',403
40300,0,'South',403
40400,0,'East',404
40401,0,'West',404
40500,0,'East',405
40501,0,'West',405
40601,0,'North',406
40600,0,'South',406
80500,0,'East',805
80501,0,'West',805
83001,0,'North',830
83000,0,'South',830
90001,0,'North',900
90000,0,'South',900
90201,0,'North',902
90200,0,'South',902
90301,0,'North',903
90300,0,'South',903
90401,0,'North',904
90400,0,'South',904
90500,0,'East',905
90501,0,'West',905
90601,0,'North',906
90600,0,'South',906
92401,0,'North',924
92400,0,'South',924
92501,0,'North',925
92500,0,'South',925
92701,0,'North',927
92700,0,'South',927
92901,0,'North',929
92900,0,'South',929
93501,0,'North',935
93500,0,'South',935
93701,0,'North',937
93700,0,'South',937
93800,0,'East',938
93801,0,'West',938
93900,0,'East',939
93901,0,'West',939
94101,0,'North',941
94100,0,'South',941
94401,0,'North',944
94400,0,'South',944
94501,0,'North',945
94500,0,'South',945
95200,0,'East',952
95201,0,'West',952
95300,0,'East',953
95301,0,'West',953
95400,0,'East',954
95401,0,'West',954
96000,0,'East',960
96001,0,'West',960
96801,0,'North',968
96800,0,'South',968
98400,0,'East',984
98401,0,'West',984
98500,0,'East',985
98501,0,'West',985
98600,0,'East',986
98601,0,'West',986
98901,0,'North',989
98900,0,'South',989
99500,0,'East',995
99501,0,'West',995
99600,0,'East',996
99601,0,'West',996
