18901,'1',2522,,591871,16,4,,1
18901,'2',2521,,591912,16,4,,1
18901,'3',2519,,591957,16,4,,1
18901,'5',2519,,591984,16,4,,1
18902,'1',540,,392254,2,0,135 63,1,70,,592055,10,0,135 63,1,29,,481963,10,0,135 63,1,64,,592050,10,0,135 63,1,24,,496446,10,0,135 63,1,24,,592061,10,0,135 63,1,64,,592039,10,0,135 63,1,24,,592064,10,0,135 63,1,64,,592042,10,0,135 63,1,25,,592062,10,0,135 63,1,25,,592052,10,0,135 63,1,65,,592034,10,0,135 63,1,25,,592058,10,0,135 63,1,65,,592044,10,0,135 63,1,25,,592045,10,0,135 63,1,25,,592046,10,0,135 63,1,65,,592060,10,0,135 63,1,25,,404937,10,0,135 63,1,65,,592035,10,0,135 63,1,25,,592033,10,0,135 63,1,65,,592065,10,0,135 63,1,25,,494792,10,0,135 63,1,25,,381684,10,0,135 63,1,65,,592043,10,0,135 63,1,25,,592032,10,0,135 63,1,68,,592040,10,0,135 63,1,28,,592066,10,0,135 63,1,68,,592049,10,0,135 63,1,28,,592053,10,0,135 63,1,68,,592059,10,0,135 63,1,28,,377624,10,0,135 63,1,26,,592051,10,0,135 63,1,70,,592054,10,0,135 63,1,30,,390962,10,0,135 63,1,70,,592037,10,0,135 63,1,30,,592056,10,0,135 63,1,70,,592038,10,0,135 63,1,30,,592036,10,0,135 63,1,68,,592041,10,0,135 63,1,27,,592048,10,0,135 63,1,67,,505000,10,0,135 63,1,27,,592047,10,0,135 63,1,67,,592057,10,0,135 63,1,27,,592063,10,0,135 63,1,67,,480236,10,0,135 63,1
18902,'2',552,,592095,2,0,135 63,1,69,,496703,10,0,135 63,1,28,,592084,10,0,135 63,1,68,,592069,10,0,135 63,1,28,,592093,10,0,135 63,1,67,,592098,10,0,135 63,1,28,,592100,10,0,135 63,1,65,,592080,10,0,135 63,1,23,,592078,10,0,135 63,1,23,,592076,10,0,135 63,1,63,,592092,10,0,135 63,1,23,,592075,10,0,135 63,1,63,,498836,10,0,135 63,1,23,,373639,10,0,135 63,1,23,,592085,10,0,135 63,1,65,,473709,10,0,135 63,1,27,,480262,10,0,135 63,1,67,,592077,10,0,135 63,1,27,,592072,10,0,135 63,1,27,,592068,10,0,135 63,1,67,,592067,10,0,135 63,1,27,,510445,10,0,135 63,1,67,,592089,10,0,135 63,1,27,,468728,10,0,135 63,1,67,,592094,10,0,135 63,1,27,,592090,10,0,135 63,1,67,,592087,10,0,135 63,1,27,,592088,10,0,135 63,1,67,,592083,10,0,135 63,1,27,,592099,10,0,135 63,1,27,,502812,10,0,135 63,1,63,,592081,10,0,135 63,1,22,,592082,10,0,135 63,1,62,,488279,10,0,135 63,1,22,,592073,10,0,135 63,1,22,,592096,10,0,135 63,1,62,,592097,10,0,135 63,1,22,,500537,10,0,135 63,1,22,,592070,10,0,135 63,1,66,,485856,10,0,135 63,1,28,,592071,10,0,135 63,1,68,,592086,10,0,135 63,1,28,,592074,10,0,135 63,1,68,,592101,10,0,135 63,1,28,,592091,10,0,135 63,1,68,,592079,10,0,135 63,1
18902,'3',756,,592136,2,0,135 63,1,62,,592129,10,0,135 63,1,21,,592133,10,0,135 63,1,61,,592130,10,0,135 63,1,21,,592120,10,0,135 63,1,21,,592108,10,0,135 63,1,61,,592113,10,0,135 63,1,21,,592115,10,0,135 63,1,21,,592134,10,0,135 63,1,61,,592105,10,0,135 63,1,21,,592135,10,0,135 63,1,21,,592123,10,0,135 63,1,61,,592125,10,0,135 63,1,26,,592110,10,0,135 63,1,66,,592131,10,0,135 63,1,26,,592107,10,0,135 63,1,26,,397364,10,0,135 63,1,66,,592106,10,0,135 63,1,26,,464502,10,0,135 63,1,66,,510151,10,0,135 63,1,26,,433805,10,0,135 63,1,66,,592116,10,0,135 63,1,26,,592112,10,0,135 63,1,26,,592111,10,0,135 63,1,66,,592121,10,0,135 63,1,26,,592104,10,0,135 63,1,66,,592128,10,0,135 63,1,26,,497786,10,0,135 63,1,66,,592109,10,0,135 63,1,24,,592118,10,0,135 63,1,22,,592127,10,0,135 63,1,62,,433185,10,0,135 63,1,22,,487264,10,0,135 63,1,22,,592119,10,0,135 63,1,62,,592117,10,0,135 63,1,22,,592103,10,0,135 63,1,66,,592102,10,0,135 63,1,23,,592114,10,0,135 63,1,26,,592126,10,0,135 63,1,66,,483454,10,0,135 63,1,26,,592137,10,0,135 63,1,66,,592132,10,0,135 63,1,26,,592124,10,0,135 63,1,66,,592122,10,0,135 63,1
18902,'5',552,,592143,2,0,135 63,1,68,,592155,10,0,135 63,1,28,,592141,10,0,135 63,1,68,,592164,10,0,135 63,1,23,,592172,10,0,135 63,1,17,,592169,10,0,135 63,1,62,,592156,10,0,135 63,1,21,,592144,10,0,135 63,1,61,,592181,10,0,135 63,1,21,,592185,10,0,135 63,1,21,,592173,10,0,135 63,1,61,,592142,10,0,135 63,1,21,,592151,10,0,135 63,1,21,,592170,10,0,135 63,1,61,,592148,10,0,135 63,1,21,,592186,10,0,135 63,1,21,,592153,10,0,135 63,1,61,,592150,10,0,135 63,1,26,,592146,10,0,135 63,1,66,,592152,10,0,135 63,1,26,,592182,10,0,135 63,1,26,,592174,10,0,135 63,1,66,,592145,10,0,135 63,1,26,,592171,10,0,135 63,1,66,,592165,10,0,135 63,1,26,,592175,10,0,135 63,1,66,,592138,10,0,135 63,1,26,,592176,10,0,135 63,1,26,,592147,10,0,135 63,1,66,,592183,10,0,135 63,1,26,,592177,10,0,135 63,1,66,,592167,10,0,135 63,1,26,,592161,10,0,135 63,1,66,,592154,10,0,135 63,1,24,,592162,10,0,135 63,1,22,,592157,10,0,135 63,1,62,,592158,10,0,135 63,1,22,,592159,10,0,135 63,1,22,,592140,10,0,135 63,1,62,,592178,10,0,135 63,1,22,,592149,10,0,135 63,1,66,,592160,10,0,135 63,1,23,,592166,10,0,135 63,1,26,,592180,10,0,135 63,1,66,,592179,10,0,135 63,1,26,,592184,10,0,135 63,1,66,,592168,10,0,135 63,1,26,,592139,10,0,135 63,1,66,,592163,10,0,135 63,1
34001,'1',452,,595785,1,0,136 250 8,1,70,,486766,1,0,136 250 8,1,2000,,595783,1,0,136 250 8,1,30,,457327,1,0,136 250 8,1,70,,595784,1,0,136 250 8,1,30,,414169,1,0,136 250 8,1,70,,473591,1,0,136 250 8,1,30,,595786,1,0,136 250 8,1,70,,463677,1,0,136 250 8,1
34001,'2',452,,595791,1,0,136 250 8,1,70,,467696,1,0,136 250 8,1,2000,,595792,1,0,136 250 8,1,30,,595788,1,0,136 250 8,1,70,,388408,1,0,136 250 8,1,30,,595793,1,0,136 250 8,1,70,,595790,1,0,136 250 8,1,30,,595789,1,0,136 250 8,1,70,,595787,1,0,136 250 8,1
34001,'3',452,,595802,1,0,136 250 8,1,70,,595799,1,0,136 250 8,1,30,,595796,1,0,136 250 8,1,61,,595800,1,0,136 250 8,1,20,,503079,1,0,136 250 8,1,20,,496574,1,0,136 250 8,1,60,,377749,1,0,136 250 8,1,20,,595795,1,0,136 250 8,1,1789,,472133,1,0,136 250 8,1,30,,595801,1,0,136 250 8,1,70,,487864,1,0,136 250 8,1,30,,595803,1,0,136 250 8,1,70,,595794,1,0,136 250 8,1,30,,595798,1,0,136 250 8,1,70,,595797,1,0,136 250 8,1
34001,'5',452,,595808,1,0,136 250 8,1,70,,595805,1,0,136 250 8,1,2000,,595810,1,0,136 250 8,1,30,,595804,1,0,136 250 8,1,70,,595811,1,0,136 250 8,1,30,,595809,1,0,136 250 8,1,70,,595812,1,0,136 250 8,1,30,,595807,1,0,136 250 8,1,70,,595806,1,0,136 250 8,1
34002,'1',452,,595816,23,4,,1,70,,595817,23,4,,1,2030,,595819,23,4,,1,70,,475209,23,4,,1,30,,595815,23,4,,1,70,,595818,23,4,,1,30,,439735,23,4,,1,70,,595813,23,4,,1
34002,'2',452,,595822,23,4,,1,70,,595823,23,4,,1,2030,,467325,23,4,,1,70,,499175,23,4,,1,30,,595821,23,4,,1,70,,474811,23,4,,1,30,,595825,23,4,,1,70,,595820,23,4,,1
34002,'3',452,,595827,23,4,,1,70,,595834,23,4,,1,33,,595828,23,4,,1,70,,469047,23,4,,1,20,,595826,23,4,,1,60,,595829,23,4,,1,24,,595830,23,4,,1,1823,,595833,23,4,,1,70,,595836,23,4,,1,30,,595835,23,4,,1,70,,500007,23,4,,1,30,,595831,23,4,,1,70,,423784,23,4,,1
34002,'5',452,,595844,23,4,,1,70,,595845,23,4,,1,2030,,595840,23,4,,1,70,,595837,23,4,,1,30,,595843,23,4,,1,70,,595838,23,4,,1,30,,595839,23,4,,1,70,,595841,23,4,,1
