13403,'1',1104,,585336,27,0,31 16,1,14,,585326,27,0,31 16,1,15,,585293,27,0,31 16,1,15,,585349,27,0,31 16,1,55,,585347,27,0,31 16,1,15,,585350,27,0,31 16,1
13403,'2',530,,585401,5,0,31 16,1,28,,585353,5,0,31 16,1,61,,585357,27,0,31 16,1,18,,585359,27,0,31 16,1,20,,481004,27,0,31 16,1,60,,585372,27,0,31 16,1,20,,585377,27,0,31 16,1,20,,585374,27,0,31 16,1,60,,585397,27,0,31 16,1,20,,585395,27,0,31 16,1,20,,426896,27,0,31 16,1,60,,585370,27,0,31 16,1,20,,585385,27,0,31 16,1,20,,585356,27,0,31 16,1,60,,585387,27,0,31 16,1,20,,585378,27,0,31 16,1,20,,461857,27,0,31 16,1,60,,493600,27,0,31 16,1,20,,585392,27,0,31 16,1
13403,'3',821,,482193,27,0,31 16,1,21,,585405,27,0,31 16,1,58,,585422,27,0,31 16,1,18,,585411,27,0,31 16,1,18,,585404,27,0,31 16,1,18,,585442,27,0,31 16,1,58,,585444,27,0,31 16,1,18,,585435,27,0,31 16,1,18,,585402,27,0,31 16,1,58,,585431,27,0,31 16,1,18,,585421,27,0,31 16,1,18,,585437,27,0,31 16,1
13403,'5',821,,585455,27,0,31 16,1,21,,585448,27,0,31 16,1,58,,585487,27,0,31 16,1,18,,585446,27,0,31 16,1,18,,585474,27,0,31 16,1,18,,585471,27,0,31 16,1,58,,585466,27,0,31 16,1,18,,585449,27,0,31 16,1,18,,585489,27,0,31 16,1,58,,585475,27,0,31 16,1,18,,585490,27,0,31 16,1,18,,585480,27,0,31 16,1
33401,'1',328,,595187,3,0,34 16 3 57,1,30,,595188,3,0,34 16 3 57,1,70,,427280,3,0,34 16 3 57,1,2130,,595199,3,0,34 16 3 57,1,70,,595198,3,0,34 16 3 57,1,30,,595203,3,0,34 16 3 57,1,58,,595205,115,0,34 16 3 57,1,30,,595190,113,0,34 16 3 57,1,70,,595202,111,0,34 16 3 57,1,30,,436749,111,0,34 16 3 57,1,70,,384246,111,0,34 16 3 57,1,30,,595204,111,0,34 16 3 57,1
33401,'2',328,,429426,3,0,34 16 3 57,1,30,,595220,3,0,34 16 3 57,1,70,,595214,3,0,34 16 3 57,1,2130,,450356,3,0,34 16 3 57,1,70,,595211,3,0,34 16 3 57,1,30,,476920,3,0,34 16 3 57,1,58,,595206,115,0,34 16 3 57,1,30,,501364,113,0,34 16 3 57,1,70,,595216,111,0,34 16 3 57,1,30,,503485,111,0,34 16 3 57,1,70,,595208,111,0,34 16 3 57,1,30,,595210,111,0,34 16 3 57,1
33401,'3',328,,595248,3,0,34 16 3 57,1,30,,595228,3,0,34 16 3 57,1,70,,502578,3,0,34 16 3 57,1,27,,595232,3,0,34 16 3 57,1,60,,595250,3,0,34 16 3 57,1,20,,595231,3,0,34 16 3 57,1,20,,595243,3,0,34 16 3 57,1,59,,595233,3,0,34 16 3 57,1,2,,595245,111,0,34 16 3 57,1,30,,466471,111,0,34 16 3 57,1,64,,595242,111,0,34 16 3 57,1,23,,595225,113,0,34 16 3 57,1,20,,595247,113,0,34 16 3 57,1,1805,,595252,3,0,34 16 3 57,1,70,,595235,3,0,34 16 3 57,1,30,,595227,3,0,34 16 3 57,1,58,,439417,115,0,34 16 3 57,1,30,,414702,113,0,34 16 3 57,1,70,,486714,111,0,34 16 3 57,1,30,,460545,111,0,34 16 3 57,1,70,,595240,111,0,34 16 3 57,1,30,,595239,111,0,34 16 3 57,1
33401,'5',328,,595274,3,0,34 16 3 57,1,30,,595266,3,0,34 16 3 57,1,70,,595257,3,0,34 16 3 57,1,2130,,595258,3,0,34 16 3 57,1,70,,595259,3,0,34 16 3 57,1,30,,595278,3,0,34 16 3 57,1,58,,595271,115,0,34 16 3 57,1,30,,595256,113,0,34 16 3 57,1,70,,595273,111,0,34 16 3 57,1,30,,595269,111,0,34 16 3 57,1,70,,595261,111,0,34 16 3 57,1,30,,595262,111,0,34 16 3 57,1
35301,'1',349,,596045,3,0,11 12 142,1,70,,458892,3,0,11 12 142,1,30,,596047,3,0,11 12 142,1,100,,596044,87,0,11 12 142,1,70,,476533,87,0,11 12 142,1,30,,596050,87,0,11 12 142,1,1900,,596049,3,0,11 12 142,1,70,,596046,3,0,11 12 142,1,30,,456123,3,0,11 12 142,1,70,,474365,88,0,11 12 142,1,30,,387977,87,0,11 12 142,1,70,,596042,87,0,11 12 142,1,30,,596048,87,0,11 12 142,1,70,,596043,87,0,11 12 142,1
35301,'2',349,,596056,3,0,11 12 142,1,70,,596061,3,0,11 12 142,1,11,,596063,3,0,11 12 142,1,19,,596058,3,0,11 12 142,1,57,,596064,3,0,11 12 142,1,24,,596062,3,0,11 12 142,1,19,,596060,87,0,11 12 142,1,2000,,596059,3,0,11 12 142,1,70,,596051,3,0,11 12 142,1,30,,596053,3,0,11 12 142,1,70,,596055,88,0,11 12 142,1,30,,596054,87,0,11 12 142,1,70,,596057,87,0,11 12 142,1,30,,497293,87,0,11 12 142,1,70,,596052,87,0,11 12 142,1
35301,'3',349,,596074,3,0,11 12 142,1,70,,596071,3,0,11 12 142,1,30,,596069,3,0,11 12 142,1,70,,596077,3,0,11 12 142,1,30,,596076,87,0,11 12 142,1,1,,596065,3,0,11 12 142,1,69,,596066,87,0,11 12 142,1,30,,596068,87,0,11 12 142,1,70,,596073,87,0,11 12 142,1,30,,492843,87,0,11 12 142,1,1800,,596072,3,0,11 12 142,1,70,,596070,3,0,11 12 142,1,30,,394420,88,0,11 12 142,1,70,,463813,88,0,11 12 142,1,30,,472771,87,0,11 12 142,1,70,,596067,87,0,11 12 142,1,30,,596078,87,0,11 12 142,1,70,,596075,87,0,11 12 142,1
35301,'5',349,,596080,3,0,11 12 142,1,70,,596079,3,0,11 12 142,1,13,,596084,3,0,11 12 142,1,17,,596081,3,0,11 12 142,1,53,,596092,3,0,11 12 142,1,47,,596085,87,0,11 12 142,1,70,,596087,87,0,11 12 142,1,1930,,596089,3,0,11 12 142,1,70,,596088,3,0,11 12 142,1,30,,596086,88,0,11 12 142,1,70,,596090,88,0,11 12 142,1,30,,596093,87,0,11 12 142,1,70,,596083,87,0,11 12 142,1,30,,596091,87,0,11 12 142,1,70,,596082,87,0,11 12 142,1
