1202,'1',509,,374719,2,0,5 45 46 15,1,20,,460176,2,0,5 45 46 15,1
1202,'2',521,,460211,2,0,34 45 46 15,1,12,,460232,2,0,5 45 46 15,1,18,,460206,2,0,34 45 46 15,1
1202,'3',732,,403178,2,0,5 45 46 15,1,14,,419050,2,0,34 45 46 15,1,55,,460266,2,0,5 45 46 15,1
2002,'2',533,,462093,2,0,120 6 15,1,21,,429254,2,0,120 6 15,1
2002,'3',736,,452094,2,0,120 6 15,1,65,,462145,2,0,120 6 15,1
2103,'2',602,,462194,2,0,28 9,1
2103,'3',632,,462237,2,0,28 9,1,22,,430003,2,0,28 9,1,62,,462225,2,0,28 9,1,22,,414705,2,0,28 9,1,62,,462239,2,0,28 9,1
5703,'1',451,,477234,2,0,9,1,61,,477214,2,0,9,1,13,,477210,2,0,9,1,13,,477260,2,0,9,1,13,,477246,2,0,9,1
5703,'2',509,,391055,2,0,9,1,20,,477304,2,0,9,1,25,,477264,2,0,9,1
5703,'3',741,,477315,2,0,9,1,60,,477332,2,0,9,1
30002,'1',416,,506304,2,0,34 11 12 250 129,1,5,,506295,2,0,17 11 12 73 15,1,10,,506294,2,0,17 11 12 73 15,1,5,,415007,2,0,17 11 12 73 15,1,10,,447490,2,0,17 68 8,1,5,,506305,2,0,17 68 8,1,50,,506290,2,0,17 68 8,1,5,,506297,2,0,17 68 8,1,10,,413935,2,0,17 130 131 8,1,5,,456783,2,0,17 130 131 8,1,2010,,506307,2,0,34 11 12 250 129,1,15,,506298,2,0,34 11 12 250 129,1,55,,458504,2,0,34 11 12 250 129,1,15,,426368,2,0,34 11 12 250 129,1,15,,447492,2,0,34 11 12 250 129,1,15,,506303,2,0,34 11 12 250 129,1,55,,506302,2,0,34 11 12 250 129,1,15,,506309,2,0,34 11 12 250 129,1,15,,506293,2,0,34 11 12 250 129,1,15,,506301,2,0,34 11 12 250 129,1,55,,447495,2,0,34 11 12 250 129,1
30002,'2',424,,506314,2,0,5 11 12 132 133,1,10,,506318,2,0,17 11 12 73 15,1,20,,506319,2,0,17 68 8,1,50,,396121,2,0,17 68 8,1,20,,506316,2,0,17 130 131 8,1,10,,506325,2,0,17 130 131 8,1,1997,,383012,2,0,34 11 12 250 129,1,23,,506317,2,0,34 11 12 250 129,1,70,,373782,2,0,34 11 12 250 129,1,30,,506322,2,0,34 11 12 250 129,1,70,,506323,2,0,34 11 12 250 129,1,30,,506324,2,0,34 11 12 250 129,1
30002,'3',416,,506345,2,0,34 11 12 250 129,1,10,,445829,2,0,34 11 12 250 129,1,10,,506364,2,0,34 11 12 250 129,1,10,,447552,2,0,34 11 12 250 129,1,10,,506335,2,0,34 11 12 250 129,1,50,,506341,2,0,34 11 12 250 129,1,9,,506337,2,0,34 11 12 250 129,1,9,,506369,2,0,34 11 12 250 129,1,9,,416428,2,0,34 11 12 250 129,1,9,,506336,2,0,34 11 12 250 129,1,9,,506327,2,0,34 11 12 250 129,1,49,,449925,2,0,34 11 12 250 129,1,8,,506365,2,0,34 11 12 250 129,1,8,,506358,2,0,34 11 12 250 129,1,8,,506366,2,0,17 11 12 73 15,1,8,,506339,2,0,17 11 12 73 15,1,8,,506348,2,0,17 11 12 73 15,1,8,,506357,2,0,17 11 12 73 15,1,8,,506330,2,0,17 68 8,1,48,,506368,2,0,17 68 8,1,8,,506352,2,0,17 68 8,1,8,,405428,2,0,17 68 8,1,8,,506346,2,0,17 130 131 8,1,8,,410068,2,0,17 130 131 8,1,1795,,506344,2,0,34 11 12 250 129,1,15,,375761,2,0,34 11 12 250 129,1,55,,506372,2,0,34 11 12 250 129,1,15,,506333,2,0,34 11 12 250 129,1,15,,506347,2,0,34 11 12 250 129,1,15,,506351,2,0,34 11 12 250 129,1,55,,506328,2,0,34 11 12 250 129,1,15,,378065,2,0,34 11 12 250 129,1,15,,506343,2,0,34 11 12 250 129,1,15,,506349,2,0,34 11 12 250 129,1,55,,506332,2,0,34 11 12 250 129,1
33401,'1',2636,,507078,62,0,34 16 3 57,1,70,,507074,60,0,34 16 3 57,1,30,,507084,58,0,34 16 3 57,1,70,,507079,58,0,34 16 3 57,1,30,,507091,58,0,34 16 3 57,1,70,,446279,58,0,34 16 3 57,1
33401,'2',2636,,431293,62,0,34 16 3 57,1,70,,415329,60,0,34 16 3 57,1,30,,507101,58,0,34 16 3 57,1,70,,507106,58,0,34 16 3 57,1,30,,507093,58,0,34 16 3 57,1,70,,438269,58,0,34 16 3 57,1
33401,'3',536,,507111,58,0,34 16 3 57,1,70,,403361,58,0,34 16 3 57,1,24,,432496,58,0,34 16 3 57,1,23,,507129,60,0,34 16 3 57,1,60,,417462,60,0,34 16 3 57,1,1923,,507123,62,0,34 16 3 57,1,70,,453674,60,0,34 16 3 57,1,30,,507120,58,0,34 16 3 57,1,70,,445968,58,0,34 16 3 57,1,30,,444582,58,0,34 16 3 57,1,70,,448558,58,0,34 16 3 57,1
38601,'1',442,,507850,2,0,44,1,69,,507852,2,0,44,1,22,,439503,2,0,44,1,2109,,411480,2,0,44,1,70,,507848,2,0,44,1,30,,507849,2,0,44,1,70,,507851,2,0,44,1
38601,'2',442,,507854,2,0,44,1,68,,447025,2,0,44,1,21,,507853,2,0,44,1,2111,,507855,2,0,44,1,70,,428537,2,0,44,1,30,,507856,2,0,44,1,70,,400523,2,0,44,1
38601,'3',442,,507869,2,0,44,1,68,,507863,2,0,44,1,21,,507861,2,0,44,1,19,,507866,2,0,44,1,58,,449785,2,0,44,1,10,,448357,2,0,44,1,10,,449888,2,0,44,1,10,,507857,2,0,44,1,10,,507867,2,0,44,1,10,,507862,2,0,44,1,50,,507865,2,0,44,1,10,,507859,2,0,44,1,10,,443911,2,0,44,1,10,,507868,2,0,44,1,10,,507858,2,0,44,1,10,,507864,2,0,44,1,1884,,449887,2,0,44,1,70,,451144,2,0,44,1,30,,449897,2,0,44,1,70,,507860,2,0,44,1
