30704,'1',430,,506418,73,4,,1,70,,506414,73,4,,1,16,,392322,47,4,,1,17,,506417,73,4,,1,17,,506416,73,4,,1,2080,,458415,69,4,,1,70,,447674,69,4,,1,30,,506415,69,4,,1,70,,506413,69,4,,1
30704,'2',430,,506426,73,4,,1,73,,506427,73,4,,1,13,,506420,47,4,,1,22,,506428,73,4,,1,10,,437962,47,4,,1,56,,420674,73,4,,1,2026,,506421,69,4,,1,20,,506422,69,4,,1,60,,506419,69,4,,1,20,,506425,69,4,,1,20,,506424,69,4,,1,60,,506423,69,4,,1
30704,'3',430,,506429,73,4,,1,70,,506441,73,4,,1,16,,506434,47,4,,1,17,,506440,73,4,,1,15,,506442,47,4,,1,54,,413868,73,4,,1,12,,393116,73,4,,1,12,,506435,73,4,,1,12,,506433,69,4,,1,12,,506439,69,4,,1,52,,447697,69,4,,1,12,,506430,69,4,,1,12,,506438,69,4,,1,12,,411935,69,4,,1,12,,506436,69,4,,1,52,,432476,69,4,,1,10,,445231,69,4,,1,1818,,506431,69,4,,1,70,,506432,69,4,,1,30,,506437,69,4,,1,70,,506443,69,4,,1
30902,'1',2556,,506503,12,4,,2,60,,506502,12,4,,2,20,,506496,12,4,,2,20,,506498,12,4,,2,60,,506493,12,4,,2,20,,506501,12,4,,2,20,,506492,12,4,,2,60,,506494,12,4,,2,20,,437066,12,4,,2,20,,506495,12,4,,2,60,,506500,12,4,,2,20,,444661,12,4,,2,20,,506497,12,4,,2
30902,'2',2558,,389794,12,4,,2,60,,447807,12,4,,2,20,,506508,12,4,,2,20,,506506,12,4,,2,60,,506510,12,4,,2,20,,416787,12,4,,2,20,,447808,12,4,,2,60,,451571,12,4,,2,20,,392469,12,4,,2,20,,506507,12,4,,2,60,,506505,12,4,,2,20,,506504,12,4,,2,62,,506509,12,4,,2
30902,'3',545,,506514,6,4,,2,14,,434231,6,4,,2,55,,455272,6,4,,2,9,,427097,12,4,,2,15,,448895,12,4,,2,15,,374420,12,4,,2,55,,506511,12,4,,2,15,,427011,12,4,,2,15,,506526,12,4,,2,15,,506512,12,4,,2,55,,408077,12,4,,2,15,,372812,12,4,,2,5,,454086,6,4,,2,4,,506520,6,4,,2,6,,506517,12,4,,2,4,,506529,6,4,,2,1716,,389954,12,4,,2,60,,506522,12,4,,2,20,,506525,12,4,,2,20,,374407,12,4,,2,60,,506528,12,4,,2,20,,506513,12,4,,2,20,,506523,12,4,,2,60,,506524,12,4,,2,20,,506527,12,4,,2,20,,506521,12,4,,2,60,,506519,12,4,,2,20,,506518,12,4,,2,20,,506515,12,4,,2,60,,506516,12,4,,2
31104,'1',2659,,506594,24,4,,2,60,,506587,24,4,,2,20,,382592,24,4,,2,20,,506591,24,4,,2,60,,506590,24,4,,2,20,,506589,24,4,,2,20,,506593,24,4,,2,60,,427242,24,4,,2,20,,392279,24,4,,2,20,,506588,24,4,,2,63,,506592,24,4,,2
31104,'2',2659,,506600,24,4,,2,60,,447946,24,4,,2,20,,506602,24,4,,2,20,,506601,24,4,,2,60,,383446,24,4,,2,20,,506598,24,4,,2,20,,427440,24,4,,2,60,,506595,24,4,,2,20,,506599,24,4,,2,20,,506597,24,4,,2,63,,506596,24,4,,2
31104,'3',446,,506624,24,4,,2,54,,506619,24,4,,2,12,,506604,24,4,,2,12,,506617,24,4,,2,12,,506607,24,4,,2,12,,506625,24,4,,2,52,,506622,24,4,,2,12,,412814,24,4,,2,12,,506609,24,4,,2,12,,506606,24,4,,2,12,,454928,24,4,,2,52,,438142,24,4,,2,12,,506615,24,4,,2,12,,506620,24,4,,2,12,,452518,24,4,,2,12,,506630,24,4,,2,53,,372816,24,4,,2,12,,506614,24,4,,2,12,,506621,24,4,,2,1834,,506623,24,4,,2,60,,506605,24,4,,2,20,,506608,24,4,,2,20,,506627,24,4,,2,60,,506626,24,4,,2,20,,506629,24,4,,2,20,,380254,24,4,,2,60,,421491,24,4,,2,23,,506612,24,4,,2,60,,506618,24,4,,2,23,,506613,24,4,,2
32904,'1',458,,507046,62,4,,1,70,,433299,62,4,,1,13,,507043,49,4,,1,12,,407842,49,4,,1,2060,,507048,51,4,,1,15,,507044,51,4,,1,30,,507042,51,4,,1,70,,507045,62,4,,1,30,,507041,62,4,,1,70,,378140,62,4,,1
32904,'2',458,,507054,62,4,,1,70,,405385,62,4,,1,15,,419235,49,4,,1,12,,507050,49,4,,1,2058,,507049,51,4,,1,15,,377381,51,4,,1,30,,507053,51,4,,1,70,,507051,62,4,,1,30,,507052,62,4,,1,70,,507055,62,4,,1
32904,'3',458,,507065,62,4,,1,70,,423895,62,4,,1,13,,390884,49,4,,1,59,,507069,62,4,,1,10,,448654,49,4,,1,11,,507072,62,4,,1,10,,507071,49,4,,1,10,,507061,49,4,,1,10,,448653,62,4,,1,50,,419399,49,4,,1,10,,507057,49,4,,1,10,,507060,62,4,,1,10,,507067,49,4,,1,10,,507068,49,4,,1,10,,507063,62,4,,1,50,,507062,49,4,,1,12,,398796,49,4,,1,1800,,405643,51,4,,1,15,,507066,51,4,,1,30,,507070,51,4,,1,70,,507058,62,4,,1,30,,507059,62,4,,1,70,,441790,62,4,,1
36304,'1',509,,410864,36,0,11 12 94,1,19,,507736,36,0,11 12 94,1,2111,,420604,36,0,11 12 94,1,70,,507737,36,0,11 12 94,1,30,,440161,36,0,11 12 94,1,70,,418378,36,0,11 12 94,1,30,,449694,36,0,11 12 94,1
36304,'2',509,,507739,36,0,11 12 94,1,21,,507738,36,0,11 12 94,1,2109,,507742,36,0,11 12 94,1,70,,507744,36,0,11 12 94,1,30,,375738,36,0,11 12 94,1,70,,507740,36,0,11 12 94,1,30,,507741,36,0,11 12 94,1
36304,'3',509,,507749,36,0,11 12 94,1,21,,507747,36,0,11 12 94,1,2109,,507748,36,0,11 12 94,1,70,,507746,36,0,11 12 94,1,30,,425884,36,0,11 12 94,1,70,,449710,36,0,11 12 94,1,30,,507750,36,0,11 12 94,1
