13403,'1',1105,,585336,30,0,31 16,1,14,,585326,30,0,31 16,1,15,,585293,30,0,31 16,1,15,,585349,30,0,31 16,1,55,,585347,30,0,31 16,1,15,,585350,30,0,31 16,1
13403,'2',530,,585401,8,0,31 16,1,28,,585353,8,0,31 16,1,62,,585357,30,0,31 16,1,18,,585359,30,0,31 16,1,20,,481004,30,0,31 16,1,60,,585372,30,0,31 16,1,20,,585377,30,0,31 16,1,20,,585374,30,0,31 16,1,60,,585397,30,0,31 16,1,20,,585395,30,0,31 16,1,20,,426896,30,0,31 16,1,60,,585370,30,0,31 16,1,20,,585385,30,0,31 16,1,20,,585356,30,0,31 16,1,60,,585387,30,0,31 16,1,20,,585378,30,0,31 16,1,20,,461857,30,0,31 16,1,60,,493600,30,0,31 16,1,20,,585392,30,0,31 16,1
13403,'3',822,,482193,30,0,31 16,1,21,,585405,30,0,31 16,1,58,,585422,30,0,31 16,1,18,,585411,30,0,31 16,1,18,,585404,30,0,31 16,1,18,,585442,30,0,31 16,1,58,,585444,30,0,31 16,1,18,,585435,30,0,31 16,1,18,,585402,30,0,31 16,1,58,,585431,30,0,31 16,1,18,,585421,30,0,31 16,1,18,,585437,30,0,31 16,1
13403,'5',822,,585455,30,0,31 16,1,21,,585448,30,0,31 16,1,58,,585487,30,0,31 16,1,18,,585446,30,0,31 16,1,18,,585474,30,0,31 16,1,18,,585471,30,0,31 16,1,58,,585466,30,0,31 16,1,18,,585449,30,0,31 16,1,18,,585489,30,0,31 16,1,58,,585475,30,0,31 16,1,18,,585490,30,0,31 16,1,18,,585480,30,0,31 16,1
33402,'1',330,,595300,3,0,17 154 8,1,70,,595281,3,0,17 154 8,1,30,,595303,3,0,17 154 8,1,2170,,595292,3,0,34 236 261,1,30,,490015,3,0,34 236 261,1,70,,595288,3,0,34 236 261,1,17,,595297,3,0,17 16,1,30,,488586,3,0,17 16,1,70,,595299,3,0,17 16,1,30,,595290,3,0,17 16,1,70,,595302,3,0,17 16,1,30,,595304,3,0,17 16,1
33402,'2',330,,595307,3,0,34 236 261,1,70,,595319,3,0,17 154 8,1,30,,595315,3,0,17 154 8,1,2170,,494820,3,0,34 236 261,1,30,,595305,3,0,34 236 261,1,70,,595306,3,0,34 236 261,1,17,,595324,3,0,17 16,1,30,,595327,3,0,17 16,1,70,,595320,3,0,17 16,1,30,,595318,3,0,17 16,1,70,,595322,3,0,17 16,1,30,,595317,3,0,17 16,1
33402,'3',330,,595356,3,0,34 236 261,1,70,,595346,3,0,34 236 261,1,30,,595354,3,0,34 52 53 8,1,27,,595353,3,0,34 52 53 8,1,60,,595333,3,0,34 52 53 8,1,20,,595338,3,0,34 52 53 8,1,20,,595363,3,0,34 52 53 8,1,60,,595348,3,0,34 52 53 8,1,17,,595350,3,0,17 154 8,1,13,,595352,3,0,17 16,1,64,,595330,3,0,17 16,1,23,,411430,3,0,17 16,1,20,,505252,3,0,17 16,1,1846,,595362,3,0,34 236 261,1,30,,595342,3,0,34 236 261,1,70,,595329,3,0,34 236 261,1,17,,595335,3,0,17 16,1,30,,595343,3,0,17 16,1,70,,595355,3,0,17 16,1,30,,595332,3,0,17 16,1,70,,447657,3,0,17 16,1,30,,595345,3,0,17 16,1
33402,'5',330,,595369,3,0,34 236 261,1,70,,595378,3,0,17 154 8,1,30,,595388,3,0,17 154 8,1,2170,,595387,3,0,34 236 261,1,30,,595373,3,0,34 236 261,1,70,,595385,3,0,34 236 261,1,17,,595371,3,0,17 16,1,30,,595379,3,0,17 16,1,70,,595383,3,0,17 16,1,30,,595364,3,0,17 16,1,70,,595384,3,0,17 16,1,30,,595368,3,0,17 16,1
35302,'1',354,,442752,3,0,11 12 14 78,1,70,,458278,3,0,11 12 14 78,1,30,,596101,3,0,11 12 14 78,1,100,,502354,3,0,11 12 14 78,1,70,,596099,3,0,11 12 14 78,1,30,,596100,3,0,11 12 14 78,1,1900,,596095,3,0,11 12 14 78,1,70,,474489,3,0,11 12 14 78,1,30,,596096,3,0,11 12 14 78,1,70,,596097,3,0,11 12 14 78,1,30,,461401,3,0,11 12 14 78,1,70,,379523,3,0,11 12 14 78,1,30,,596094,3,0,11 12 14 78,1,70,,596098,3,0,11 12 14 78,1
35302,'2',354,,596109,3,0,11 12 14 78,1,70,,489473,3,0,11 12 14 78,1,11,,596108,3,0,11 12 14 78,1,19,,596105,3,0,11 12 14 78,1,57,,596110,3,0,11 12 14 78,1,24,,596106,3,0,11 12 14 78,1,19,,596112,3,0,11 12 14 78,1,2000,,596103,3,0,11 12 14 78,1,70,,413236,3,0,11 12 14 78,1,30,,596104,3,0,11 12 14 78,1,70,,596107,3,0,11 12 14 78,1,30,,596111,3,0,11 12 14 78,1,70,,466761,3,0,11 12 14 78,1,30,,596102,3,0,11 12 14 78,1,70,,506211,3,0,11 12 14 78,1
35302,'3',354,,439386,3,0,11 12 14 78,1,70,,493279,3,0,11 12 14 78,1,30,,596118,3,0,11 12 14 78,1,70,,405918,3,0,11 12 14 78,1,30,,596123,3,0,11 12 14 78,1,70,,596115,3,0,11 12 14 78,1,30,,596117,3,0,11 12 14 78,1,70,,596119,3,0,11 12 14 78,1,30,,408502,3,0,11 12 14 78,1,1800,,596124,3,0,11 12 14 78,1,70,,596125,3,0,11 12 14 78,1,30,,596113,3,0,11 12 14 78,1,70,,596114,3,0,11 12 14 78,1,30,,596120,3,0,11 12 14 78,1,70,,596116,3,0,11 12 14 78,1,30,,386542,3,0,11 12 14 78,1,70,,596121,3,0,11 12 14 78,1
35302,'5',354,,596132,3,0,11 12 14 78,1,70,,596129,3,0,11 12 14 78,1,13,,596128,3,0,11 12 14 78,1,17,,596134,3,0,11 12 14 78,1,53,,596135,3,0,11 12 14 78,1,47,,596137,3,0,11 12 14 78,1,70,,596139,3,0,11 12 14 78,1,1930,,596133,3,0,11 12 14 78,1,70,,596130,3,0,11 12 14 78,1,30,,596136,3,0,11 12 14 78,1,70,,596131,3,0,11 12 14 78,1,30,,596127,3,0,11 12 14 78,1,70,,596138,3,0,11 12 14 78,1,30,,596126,3,0,11 12 14 78,1,70,,596140,3,0,11 12 14 78,1
