30704,'1',427,,361488,72,0,11 12 94,1,30,,361485,72,0,11 12 94,1,57,,361486,46,0,11 12 94,1,17,,361491,72,0,11 12 94,1,17,,361492,72,0,11 12 94,1,2079,,361489,68,0,11 12 94,1,30,,361490,68,0,11 12 94,1,70,,361484,68,0,11 12 94,1,30,,361487,68,0,11 12 94,1
30704,'2',427,,361495,72,0,11 12 94,1,74,,361504,72,0,11 12 94,1,13,,361498,46,0,11 12 94,1,22,,361503,72,0,11 12 94,1,10,,361501,46,0,11 12 94,1,56,,361502,72,0,11 12 94,1,2025,,361497,68,0,11 12 94,1,20,,361496,68,0,11 12 94,1,60,,361500,68,0,11 12 94,1,20,,361493,68,0,11 12 94,1,20,,361494,68,0,11 12 94,1,60,,361499,68,0,11 12 94,1
30704,'3',427,,361515,72,0,11 12 94,1,30,,361521,72,0,11 12 94,1,57,,361505,46,0,11 12 94,1,17,,361524,72,0,11 12 94,1,15,,361522,46,0,11 12 94,1,54,,361516,72,0,11 12 94,1,12,,361520,72,0,11 12 94,1,12,,361510,72,0,11 12 94,1,12,,361507,68,0,11 12 94,1,12,,361519,68,0,11 12 94,1,52,,361517,68,0,11 12 94,1,12,,361509,68,0,11 12 94,1,12,,361525,68,0,11 12 94,1,12,,361506,68,0,11 12 94,1,12,,361512,68,0,11 12 94,1,52,,361511,68,0,11 12 94,1,10,,361518,68,0,11 12 94,1,1817,,361508,68,0,11 12 94,1,30,,361514,68,0,11 12 94,1,70,,361513,68,0,11 12 94,1,30,,361523,68,0,11 12 94,1
30902,'1',2553,,361610,11,0,94,2,60,,361612,11,0,94,2,20,,361602,11,0,94,2,20,,361604,11,0,94,2,60,,361607,11,0,94,2,20,,361613,11,0,94,2,20,,361609,11,0,94,2,60,,361608,11,0,94,2,20,,361601,11,0,94,2,20,,361611,11,0,94,2,60,,361603,11,0,94,2,20,,361606,11,0,94,2,20,,361605,11,0,94,2
30902,'2',2555,,361615,11,0,94,2,60,,361622,11,0,94,2,20,,361626,11,0,94,2,20,,361614,11,0,94,2,60,,361621,11,0,94,2,20,,361618,11,0,94,2,20,,361620,11,0,94,2,60,,361625,11,0,94,2,20,,361617,11,0,94,2,20,,361624,11,0,94,2,60,,361623,11,0,94,2,20,,361616,11,0,94,2,22,,361619,11,0,94,2
30902,'3',542,,361635,5,0,94,2,14,,361633,5,0,94,2,55,,361655,5,0,94,2,9,,361632,11,0,94,2,15,,361651,11,0,94,2,15,,361654,11,0,94,2,55,,361644,11,0,94,2,15,,361646,11,0,94,2,15,,361634,11,0,94,2,15,,361629,11,0,94,2,55,,361650,11,0,94,2,15,,361656,11,0,94,2,5,,361641,5,0,94,2,4,,361627,5,0,94,2,6,,361643,11,0,94,2,4,,361638,5,0,94,2,1716,,361637,11,0,94,2,60,,361630,11,0,94,2,20,,361652,11,0,94,2,20,,361631,11,0,94,2,60,,361628,11,0,94,2,20,,361642,11,0,94,2,20,,361649,11,0,94,2,60,,361653,11,0,94,2,20,,361640,11,0,94,2,20,,361639,11,0,94,2,60,,361648,11,0,94,2,20,,361645,11,0,94,2,20,,361636,11,0,94,2,60,,361647,11,0,94,2
31104,'1',2656,,361747,23,0,94,2,60,,361748,23,0,94,2,20,,361744,23,0,94,2,20,,361743,23,0,94,2,60,,361751,23,0,94,2,20,,361745,23,0,94,2,20,,361742,23,0,94,2,60,,361746,23,0,94,2,20,,361750,23,0,94,2,20,,361749,23,0,94,2,63,,361752,23,0,94,2
31104,'2',2656,,361761,23,0,94,2,60,,361762,23,0,94,2,20,,361764,23,0,94,2,20,,361756,23,0,94,2,60,,361759,23,0,94,2,20,,361757,23,0,94,2,20,,361763,23,0,94,2,60,,361755,23,0,94,2,20,,361760,23,0,94,2,20,,361758,23,0,94,2,63,,361754,23,0,94,2
31104,'3',443,,361770,23,0,94,2,14,,361793,23,0,94,2,52,,361773,23,0,94,2,12,,361779,23,0,94,2,12,,361786,23,0,94,2,12,,361772,23,0,94,2,12,,361797,23,0,94,2,52,,361785,23,0,94,2,12,,361787,23,0,94,2,12,,361771,23,0,94,2,12,,361794,23,0,94,2,12,,361790,23,0,94,2,52,,361782,23,0,94,2,12,,361775,23,0,94,2,12,,361791,23,0,94,2,12,,361796,23,0,94,2,14,,361778,23,0,94,2,52,,361783,23,0,94,2,12,,361798,23,0,94,2,1833,,361769,23,0,94,2,60,,361795,23,0,94,2,20,,361789,23,0,94,2,20,,361792,23,0,94,2,60,,361774,23,0,94,2,20,,361777,23,0,94,2,20,,361776,23,0,94,2,60,,361788,23,0,94,2,23,,361780,23,0,94,2,20,,361784,23,0,94,2,63,,361781,23,0,94,2
36304,'1',508,,363505,35,0,11 12 94,1,19,,363508,35,0,11 12 94,1,2111,,363504,35,0,11 12 94,1,70,,363502,35,0,11 12 94,1,30,,363506,35,0,11 12 94,1,70,,363507,35,0,11 12 94,1,30,,363503,35,0,11 12 94,1
36304,'2',508,,363516,35,0,11 12 94,1,21,,363513,35,0,11 12 94,1,2109,,363512,35,0,11 12 94,1,70,,363510,35,0,11 12 94,1,30,,363511,35,0,11 12 94,1,70,,363514,35,0,11 12 94,1,30,,363515,35,0,11 12 94,1
36304,'3',508,,363523,35,0,11 12 94,1,21,,363520,35,0,11 12 94,1,2109,,363521,35,0,11 12 94,1,70,,363524,35,0,11 12 94,1,30,,363522,35,0,11 12 94,1,70,,363518,35,0,11 12 94,1,30,,363519,35,0,11 12 94,1
