30703,'1',445,,447619,1,0,11 12 9,1,60,,447626,1,0,11 12 9,1,15,,447625,1,0,11 12 9,1,2027,,447624,1,0,11 12 9,1,55,,447620,1,0,17 69,1,15,,447627,1,0,11 12 9,1,15,,447628,1,0,17 69,1,15,,447632,1,0,11 12 9,1,70,,447621,1,0,11 12 9,1,30,,447631,1,0,11 12 9,1,70,,447623,1,0,11 12 9,1
30703,'2',445,,447645,1,0,11 12 9,1,60,,447647,1,0,11 12 9,1,18,,447643,1,0,11 12 9,1,2024,,447646,1,0,11 12 9,1,55,,447634,1,0,11 12 9,1,15,,447639,1,0,11 12 9,1,15,,447640,1,0,11 12 9,1,15,,447649,1,0,11 12 9,1,60,,447635,1,0,11 12 9,1,20,,447642,1,0,11 12 9,1,20,,447641,1,0,11 12 9,1,60,,447644,1,0,11 12 9,1,20,,447637,1,0,11 12 9,1
30703,'3',445,,447667,1,0,11 12 9,1,60,,447668,1,0,11 12 9,1,18,,447672,1,0,11 12 9,1,18,,447653,1,0,11 12 9,1,18,,447669,1,0,11 12 9,1,58,,447670,1,0,11 12 9,1,12,,447671,1,0,11 12 9,1,12,,447650,1,0,11 12 9,1,12,,447666,1,0,11 12 9,1,52,,447652,1,0,11 12 9,1,12,,447655,1,0,11 12 9,1,12,,447673,1,0,11 12 9,1,12,,447659,1,0,11 12 9,1,1806,,447663,1,0,11 12 9,1,55,,447654,1,0,17 69,1,15,,447651,1,0,11 12 9,1,15,,447662,1,0,17 69,1,15,,447665,1,0,11 12 9,1,70,,447660,1,0,11 12 9,1,30,,447664,1,0,11 12 9,1,70,,447658,1,0,11 12 9,1
30704,'1',431,,447676,74,4,,1,70,,447679,74,4,,1,17,,447678,48,4,,1,17,,447681,74,4,,1,17,,447682,74,4,,1,2079,,447675,70,4,,1,70,,447674,70,4,,1,30,,447680,70,4,,1,70,,447677,70,4,,1
30704,'2',431,,447691,74,4,,1,74,,447692,74,4,,1,13,,447685,48,4,,1,22,,447694,74,4,,1,10,,447684,48,4,,1,56,,447693,74,4,,1,2025,,447690,70,4,,1,20,,447686,70,4,,1,60,,447683,70,4,,1,20,,447689,70,4,,1,20,,447688,70,4,,1,60,,447687,70,4,,1
30704,'3',431,,447699,74,4,,1,70,,447712,74,4,,1,17,,447706,48,4,,1,17,,447711,74,4,,1,15,,447713,48,4,,1,54,,447696,74,4,,1,12,,447695,74,4,,1,12,,447707,74,4,,1,12,,447700,70,4,,1,12,,447715,70,4,,1,52,,447697,70,4,,1,12,,447702,70,4,,1,12,,447710,70,4,,1,12,,447703,70,4,,1,12,,447708,70,4,,1,52,,447701,70,4,,1,10,,447698,70,4,,1,1817,,447704,70,4,,1,70,,447705,70,4,,1,30,,447709,70,4,,1,70,,447714,70,4,,1
31103,'1',2539,,447861,1,,,2,7,,447850,1,,,2,5,,447864,1,,,2,5,,447860,1,,,2,50,,447859,1,,,2,10,,447849,1,,,2,10,,447866,1,,,2,5,,447867,1,,,2,15,,447848,1,,,2,60,,447854,1,,,2,20,,447863,1,,,2,20,,447856,1,,,2,60,,447858,1,,,2,20,,447862,1,,,2,20,,447853,1,,,2,65,,447857,1,,,2,9,,447865,1,,,2,20,,447855,1,,,2,60,,447851,1,,,2,23,,447852,1,,,2
31103,'2',2546,,447872,1,,,2,1,,447887,1,,,2,4,,447874,1,,,2,5,,447880,1,,,2,45,,447873,1,,,2,5,,447881,1,,,2,5,,447879,1,,,2,5,,447886,1,,,2,5,,447882,1,,,2,5,,447870,1,,,2,20,,447888,1,,,2,60,,447885,1,,,2,20,,447877,1,,,2,20,,447868,1,,,2,60,,447889,1,,,2,20,,447869,1,,,2,20,,447876,1,,,2,60,,447875,1,,,2,20,,447884,1,,,2,20,,447871,1,,,2,60,,447878,1,,,2,20,,447883,1,,,2
31103,'3',452,,447918,1,,,2,54,,447894,1,,,2,12,,447919,1,,,2,12,,447902,1,,,2,12,,447900,1,,,2,12,,447931,1,,,2,52,,447912,1,,,2,12,,447893,1,,,2,12,,447930,1,,,2,12,,447910,1,,,2,12,,447924,1,,,2,52,,447928,1,,,2,12,,447898,1,,,2,11,,447932,1,,,2,1810,,447923,1,,,2,5,,447920,1,,,2,5,,447926,1,,,2,7,,447909,1,,,2,45,,447901,1,,,2,5,,447891,1,,,2,3,,447916,1,,,2,4,,447903,1,,,2,5,,447897,1,,,2,8,,447890,1,,,2,20,,447905,1,,,2,60,,447925,1,,,2,20,,447892,1,,,2,20,,447907,1,,,2,60,,447915,1,,,2,20,,447911,1,,,2,20,,447906,1,,,2,65,,447929,1,,,2,9,,447921,1,,,2,23,,447917,1,,,2,60,,447904,1,,,2,23,,447908,1,,,2
31104,'1',2700,,447933,25,4,,2,20,,447935,25,4,,2,20,,447936,25,4,,2,60,,447942,25,4,,2,20,,447939,25,4,,2,20,,447938,25,4,,2,60,,447941,25,4,,2,20,,447940,25,4,,2,20,,447934,25,4,,2,60,,447937,25,4,,2,23,,447943,25,4,,2
31104,'2',2700,,447950,25,4,,2,20,,447946,25,4,,2,20,,447955,25,4,,2,60,,447951,25,4,,2,20,,447953,25,4,,2,20,,447948,25,4,,2,60,,447954,25,4,,2,20,,447947,25,4,,2,20,,447949,25,4,,2,60,,447952,25,4,,2,23,,447945,25,4,,2
31104,'3',447,,447979,25,4,,2,54,,447978,25,4,,2,12,,447962,25,4,,2,12,,447969,25,4,,2,12,,447971,25,4,,2,12,,447980,25,4,,2,52,,447987,25,4,,2,12,,447970,25,4,,2,12,,447973,25,4,,2,12,,447959,25,4,,2,12,,447957,25,4,,2,52,,447976,25,4,,2,12,,447967,25,4,,2,12,,447985,25,4,,2,12,,447956,25,4,,2,12,,447988,25,4,,2,53,,447984,25,4,,2,12,,447966,25,4,,2,12,,447986,25,4,,2,1874,,447989,25,4,,2,20,,447958,25,4,,2,20,,447972,25,4,,2,60,,447982,25,4,,2,20,,447981,25,4,,2,20,,447960,25,4,,2,60,,447961,25,4,,2,20,,447964,25,4,,2,23,,447963,25,4,,2,60,,447977,25,4,,2,23,,447965,25,4,,2
32903,'1',416,,448573,1,0,17 69 8,1,15,,448574,1,0,9,1,70,,448581,1,0,9,1,9,,448568,1,0,17 44 250 8,1,8,,448579,1,0,17 44 250 8,1,12,,448569,1,0,17 44 250 8,1,10,,448576,1,0,17 44 250 8,1,3,,448580,1,0,94,1,13,,448571,1,0,94,1,2075,,448570,1,0,9,1,70,,448567,1,0,9,1,30,,448572,1,0,9,1,70,,448577,1,0,9,1,45,,448578,1,0,17 69 8,1
32903,'2',431,,448594,1,0,9,1,70,,448586,1,0,9,1,10,,448585,1,0,17 44 250 8,1,10,,448582,1,0,17 44 250 8,1,12,,448584,1,0,17 44 250 8,1,11,,448590,1,0,94,1,12,,448587,1,0,94,1,2075,,448591,1,0,9,1,70,,448592,1,0,9,1,30,,448583,1,0,9,1,70,,448593,1,0,9,1,45,,448588,1,0,17 69 8,1
32903,'3',431,,448598,1,0,9,1,70,,448609,1,0,9,1,5,,448612,1,0,17 69 8,1,12,,448605,1,0,9,1,12,,448617,1,0,17 69 8,1,9,,448601,1,0,17 69 8,1,10,,448602,1,0,9,1,10,,448620,1,0,17 69 8,1,50,,448596,1,0,17 69 8,1,15,,448603,1,0,9,1,5,,448621,1,0,17 69 8,1,10,,448618,1,0,17 69 8,1,10,,448607,1,0,17 44 250 8,1,10,,448610,1,0,17 69 8,1,50,,448595,1,0,17 44 250 8,1,10,,448597,1,0,17 69 8,1,7,,448600,1,0,17 44 250 8,1,9,,448608,1,0,17 69 8,1,8,,448622,1,0,17 44 250 8,1,11,,448614,1,0,94,1,50,,448613,1,0,94,1,10,,448606,1,0,94,1,1817,,448616,1,0,9,1,70,,448604,1,0,9,1,30,,448611,1,0,9,1,70,,448599,1,0,9,1,45,,448619,1,0,17 69 8,1
32904,'1',459,,448633,63,4,,1,70,,448626,63,4,,1,13,,448631,50,4,,1,12,,448628,50,4,,1,2060,,448624,52,4,,1,15,,448632,52,4,,1,30,,448630,52,4,,1,70,,448635,63,4,,1,30,,448627,63,4,,1,70,,448629,63,4,,1
32904,'2',459,,448646,63,4,,1,70,,448644,63,4,,1,15,,448642,50,4,,1,12,,448641,50,4,,1,2058,,448636,52,4,,1,15,,448647,52,4,,1,30,,448645,52,4,,1,70,,448643,63,4,,1,30,,448648,63,4,,1,70,,448638,63,4,,1
32904,'3',459,,448659,63,4,,1,70,,448669,63,4,,1,13,,448658,50,4,,1,59,,448668,63,4,,1,10,,448654,50,4,,1,11,,448656,63,4,,1,10,,448673,50,4,,1,10,,448661,50,4,,1,10,,448653,63,4,,1,50,,448660,50,4,,1,10,,448657,50,4,,1,10,,448655,63,4,,1,10,,448666,50,4,,1,10,,448667,50,4,,1,10,,448663,63,4,,1,50,,448662,50,4,,1,12,,448670,50,4,,1,1800,,448649,52,4,,1,15,,448665,52,4,,1,30,,448672,52,4,,1,70,,448650,63,4,,1,30,,448651,63,4,,1,70,,448671,63,4,,1
36303,'1',513,,449667,1,0,134 8,1,16,,449670,1,0,134 8,1,2119,,449675,1,0,134 8,1,70,,449674,1,0,134 8,1,30,,449672,1,0,134 8,1,70,,449668,1,0,134 8,1,30,,449673,1,0,134 8,1
36303,'2',513,,449682,1,0,134 8,1,21,,449676,1,0,134 8,1,2114,,449679,1,0,134 8,1,70,,449678,1,0,134 8,1,30,,449681,1,0,134 8,1,70,,449684,1,0,134 8,1,30,,449677,1,0,134 8,1
36303,'3',513,,449689,1,0,134 8,1,21,,449685,1,0,134 8,1,2114,,449686,1,0,134 8,1,70,,449693,1,0,134 8,1,30,,449691,1,0,134 8,1,70,,449692,1,0,134 8,1,30,,449690,1,0,134 8,1
36304,'1',510,,449695,37,4,,1,19,,449701,37,4,,1,2111,,449698,37,4,,1,70,,449700,37,4,,1,30,,449696,37,4,,1,70,,449699,37,4,,1,30,,449694,37,4,,1
36304,'2',510,,449706,37,4,,1,21,,449703,37,4,,1,2109,,449709,37,4,,1,70,,449708,37,4,,1,30,,449702,37,4,,1,70,,449704,37,4,,1,30,,449705,37,4,,1
36304,'3',510,,449716,37,4,,1,21,,449714,37,4,,1,2109,,449715,37,4,,1,70,,449713,37,4,,1,30,,449712,37,4,,1,70,,449710,37,4,,1,30,,449717,37,4,,1
