10103,'1',546,,53953,4,,1,69,,53978,4,,1,30,,53970,4,,1,70,,53984,4,,1,30,,53977,4,,1,60,,53993,4,,1,20,,53987,4,,1,15,,53979,4,,1,67,,53989,4,,1,28,,53986,4,,1,69,,53948,4,,1,29,,53956,4,,1,71,,53954,4,,1,30,,53964,4,,1,70,,53990,4,,1,30,,53982,4,,1,70,,53949,4,,1,30,,53958,4,,1,73,,53961,4,,1,33,,53952,4,,1,73,,53965,4,,1,31,,53975,4,,1,77,,53988,4,,1,30,,53967,4,,1,70,,53972,4,,1,30,,53955,4,,1,70,,53992,4,,1,31,,53960,4,,1,65,,53969,4,,1,14,,53981,4,,1,21,,53985,4,,1,78,,53951,4,,1,70,,53959,4,,1,30,,53976,4,,1,73,,53983,4,,1,32,,53971,4,,1,71,,53950,4,,1,31,,53962,4,,1,70,,53974,4,,1,32,,53966,4,,1,71,,53980,4,,1
10103,'2',553,,54006,4,,1,73,,54013,4,,1,30,,54034,4,,1,70,,54011,4,,1,30,,53994,4,,1,70,,54029,4,,1,30,,54027,4,,1,70,,54004,4,,1,31,,54008,4,,1,72,,54030,4,,1,30,,53997,4,,1,71,,54001,4,,1,70,,54012,4,,1,34,,54019,4,,1,70,,54024,4,,1,30,,54016,4,,1,70,,53996,4,,1,30,,54017,4,,1,70,,54010,4,,1,30,,54025,4,,1,70,,54031,4,,1,30,,54026,4,,1,70,,54014,4,,1,30,,54002,4,,1,70,,54032,4,,1,30,,54003,4,,1,70,,54009,4,,1,26,,53999,4,,1,70,,54022,4,,1,30,,54023,4,,1,71,,54028,4,,1,32,,54005,4,,1,72,,54033,4,,1,33,,53995,4,,1,70,,54021,4,,1,30,,54015,4,,1,70,,54000,4,,1,31,,54007,4,,1,71,,54020,4,,1
10103,'3',745,,54039,4,,1,73,,54072,4,,1,11,,54056,4,,1,30,,54057,4,,1,68,,54059,4,,1,73,,54064,4,,1,29,,54046,4,,1,30,,54048,4,,1,71,,54040,4,,1,70,,54041,4,,1,34,,54049,4,,1,70,,54065,4,,1,30,,54054,4,,1,70,,54051,4,,1,30,,54036,4,,1,70,,54058,4,,1,30,,54071,4,,1,70,,54050,4,,1,30,,54037,4,,1,70,,54052,4,,1,30,,54053,4,,1,70,,54042,4,,1,30,,54062,4,,1,70,,54060,4,,1,26,,54043,4,,1,70,,54066,4,,1,30,,54069,4,,1,71,,54061,4,,1,32,,54038,4,,1,72,,54035,4,,1,33,,54045,4,,1,70,,54070,4,,1,30,,54063,4,,1,67,,54055,4,,1,32,,54068,4,,1,73,,54044,4,,1
10104,'1',547,,54073,0,34 72 8,1,70,,54094,0,34 72 8,1,30,,54083,0,34 72 8,1,70,,54085,0,34 72 8,1,30,,54096,0,34 72 8,1,65,,54100,0,34 72 8,1,15,,54113,0,34 72 8,1,28,,54107,0,34 72 8,1,68,,54112,0,5 73 74,1,23,,54103,0,5 73 74,1,62,,54089,0,5 73 74,1,30,,54106,0,5 73 74,1,70,,54099,0,5 73 74,1,30,,54091,0,5 73 74,1,70,,54078,0,5 73 74,1,30,,54080,0,5 73 74,1,70,,54111,0,5 73 74,1,34,,54074,0,5 73 74,1,73,,54102,0,34 72 8,1,30,,54109,0,34 72 8,1,68,,54097,0,34 72 8,1,26,,54082,0,34 72 8,1,65,,54095,0,34 72 8,1,30,,54075,0,34 72 8,1,70,,54104,0,34 72 8,1,30,,54087,0,34 72 8,1,70,,54079,0,34 72 8,1,32,,54077,0,34 72 8,1,73,,54090,0,34 72 8,1,30,,54108,0,5 73 74,1,70,,54076,0,5 73 74,1,30,,54088,0,5 73 74,1,70,,54086,0,5 73 74,1,34,,54105,0,5 73 74,1,74,,54084,0,5 73 74,1,27,,54114,0,5 73 74,1,66,,54101,0,5 73 74,1,27,,54116,0,5 73 74,1,67,,54093,0,5 73 74,1,27,,54081,0,5 73 74,1,69,,54110,0,5 73 74,1
10104,'2',557,,54130,0,5 73 74,1,71,,54138,0,5 73 74,1,30,,54117,0,5 73 74,1,72,,54129,0,5 73 74,1,70,,54124,0,5 73 74,1,33,,54122,0,5 73 74,1,73,,54137,0,5 73 74,1,30,,54119,0,5 73 74,1,72,,54123,0,5 73 74,1,30,,54132,0,5 73 74,1,70,,54121,0,5 73 74,1,30,,54125,0,5 73 74,1,70,,54157,0,5 73 74,1,30,,54142,0,5 73 74,1,70,,54126,0,5 73 74,1,30,,54146,0,5 73 74,1,70,,54155,0,5 73 74,1,30,,54156,0,5 73 74,1,70,,54141,0,5 73 74,1,30,,54147,0,5 73 74,1,70,,54139,0,5 73 74,1,30,,54153,0,5 73 74,1,70,,54120,0,5 73 74,1,30,,54154,0,5 73 74,1,70,,54143,0,5 73 74,1,30,,54144,0,5 73 74,1,71,,54135,0,5 73 74,1,30,,54150,0,5 73 74,1,70,,54118,0,5 73 74,1,32,,54152,0,5 73 74,1,72,,54136,0,5 73 74,1,32,,54148,0,5 73 74,1,72,,54127,0,5 73 74,1,29,,54128,0,5 73 74,1,64,,54133,0,5 73 74,1,30,,54134,0,5 73 74,1,70,,54145,0,5 73 74,1,28,,54151,0,5 73 74,1,62,,54140,0,5 73 74,1
10104,'3',746,,54176,0,5 73 74,1,68,,54192,0,5 73 74,1,30,,54180,0,5 73 74,1,73,,54177,0,5 73 74,1,21,,54167,0,5 73 74,1,70,,54186,0,5 73 74,1,30,,54158,0,5 73 74,1,70,,54159,0,5 73 74,1,30,,54172,0,5 73 74,1,70,,54166,0,5 73 74,1,30,,54188,0,5 73 74,1,70,,54183,0,5 73 74,1,30,,54173,0,5 73 74,1,70,,54165,0,5 73 74,1,30,,54171,0,5 73 74,1,70,,54163,0,5 73 74,1,30,,54162,0,5 73 74,1,70,,54194,0,5 73 74,1,30,,54187,0,5 73 74,1,70,,54184,0,5 73 74,1,30,,54160,0,5 73 74,1,70,,54178,0,5 73 74,1,30,,54164,0,5 73 74,1,71,,54181,0,5 73 74,1,30,,54161,0,5 73 74,1,70,,54191,0,5 73 74,1,32,,54190,0,5 73 74,1,72,,54169,0,5 73 74,1,32,,54175,0,5 73 74,1,72,,54195,0,5 73 74,1,24,,54179,0,5 73 74,1,69,,54189,0,5 73 74,1,30,,54168,0,5 73 74,1,70,,54182,0,5 73 74,1,28,,54170,0,5 73 74,1,62,,54193,0,5 73 74,1
33602,'1',2518,,74560,0,17 130 42,1,10,,74553,0,17 130 42,1,10,,74566,0,17 130 42,1,10,,74562,0,17 130 42,1,10,,74567,0,11 12 164 171 172,1,50,,74554,0,17 130 42,1,10,,74552,0,11 12 164 171 172,1,15,,74558,0,17 130 42,1
33602,'2',2518,,74579,0,17 130 42,1,10,,74584,0,17 130 42,1,10,,74578,0,17 130 42,1,10,,74581,0,17 130 42,1,10,,74576,0,11 12 164 171 172,1,50,,74585,0,17 130 42,1,10,,74586,0,11 12 164 171 172,1,15,,74574,0,17 130 42,1
33602,'3',748,,74612,0,17 170 8,1,1770,,74606,0,17 130 42,1,10,,74611,0,17 130 42,1,10,,74588,0,17 130 42,1,10,,74603,0,17 130 42,1,10,,74608,0,11 12 164 171 172,1,50,,74587,0,17 130 42,1,10,,74600,0,11 12 164 171 172,1,15,,74602,0,17 130 42,1
80601,'1',2232,,75681,4,,1,10,,75684,4,,1,10,,75678,4,,1,50,,75675,4,,1,10,,75693,4,,1,10,,75694,4,,1,10,,75692,4,,1,10,,75677,4,,1,10,,75689,4,,1,50,,75682,4,,1,10,,75674,4,,1,10,,75686,4,,1,10,,75673,4,,1,10,,75687,4,,1,10,,75691,4,,1,50,,75688,4,,1,10,,75679,4,,1,10,,75690,4,,1,10,,75676,4,,1,8,,75680,4,,1,6,,75685,4,,1,9,,75683,4,,1
80601,'2',2232,,75697,4,,1,9,,75709,4,,1,10,,75702,4,,1,50,,75708,4,,1,10,,75696,4,,1,10,,75710,4,,1,10,,75714,4,,1,10,,75712,4,,1,10,,75703,4,,1,50,,75715,4,,1,10,,75704,4,,1,10,,75698,4,,1,10,,75695,4,,1,10,,75707,4,,1,10,,75700,4,,1,50,,75701,4,,1,10,,75716,4,,1,10,,75705,4,,1,10,,75711,4,,1,8,,75706,4,,1,6,,75713,4,,1,10,,75699,4,,1
80601,'3',2231,,75732,4,,1,9,,75725,4,,1,10,,75728,4,,1,50,,75729,4,,1,10,,75730,4,,1,10,,75735,4,,1,10,,75721,4,,1,10,,75718,4,,1,10,,75737,4,,1,50,,75724,4,,1,10,,75733,4,,1,10,,75723,4,,1,10,,75720,4,,1,10,,75719,4,,1,10,,75731,4,,1,50,,75726,4,,1,10,,75722,4,,1,10,,75738,4,,1,10,,75736,4,,1,9,,75727,4,,1,6,,75717,4,,1,10,,75734,4,,1
80602,'1',2159,,75744,0,20 21 22 211,1,48,,75748,0,20 21 22 211,1,10,,75755,0,20 21 22 211,1,10,,75747,0,20 21 22 211,1,10,,75742,0,20 21 22 211,1,10,,75756,0,20 21 22 211,1,10,,75752,0,20 21 22 211,1,50,,75749,0,20 21 22 211,1,10,,75740,0,20 21 22 211,1,10,,75753,0,20 21 22 211,1,10,,75751,0,20 21 22 211,1,10,,75746,0,20 21 22 211,1,10,,75743,0,20 21 22 211,1,50,,75739,0,20 21 22 211,1,10,,75745,0,20 21 22 211,1,10,,75750,0,20 21 22 211,1,10,,75758,0,20 21 22 211,1,10,,75757,0,20 21 22 211,1,10,,75754,0,20 21 22 211,1,50,,75741,0,20 21 22 211,1
80602,'2',2159,,75772,0,20 21 22 211,1,48,,75774,0,20 21 22 211,1,10,,75776,0,20 21 22 211,1,10,,75770,0,20 21 22 211,1,10,,75763,0,20 21 22 211,1,10,,75760,0,20 21 22 211,1,10,,75766,0,20 21 22 211,1,50,,75765,0,20 21 22 211,1,10,,75762,0,20 21 22 211,1,10,,75759,0,20 21 22 211,1,10,,75773,0,20 21 22 211,1,10,,75768,0,20 21 22 211,1,10,,75778,0,20 21 22 211,1,50,,75775,0,20 21 22 211,1,10,,75764,0,20 21 22 211,1,10,,75761,0,20 21 22 211,1,10,,75777,0,20 21 22 211,1,10,,75771,0,20 21 22 211,1,10,,75767,0,20 21 22 211,1,50,,75769,0,20 21 22 211,1
80602,'3',2159,,75796,0,20 21 22 211,1,48,,75792,0,20 21 22 211,1,10,,75780,0,20 21 22 211,1,10,,75789,0,20 21 22 211,1,10,,75793,0,20 21 22 211,1,10,,75787,0,20 21 22 211,1,10,,75797,0,20 21 22 211,1,50,,75782,0,20 21 22 211,1,10,,75786,0,20 21 22 211,1,10,,75798,0,20 21 22 211,1,10,,75795,0,20 21 22 211,1,10,,75783,0,20 21 22 211,1,10,,75790,0,20 21 22 211,1,50,,75785,0,20 21 22 211,1,10,,75794,0,20 21 22 211,1,10,,75779,0,20 21 22 211,1,10,,75784,0,20 21 22 211,1,10,,75788,0,20 21 22 211,1,10,,75781,0,20 21 22 211,1,50,,75791,0,20 21 22 211,1
